10 10
-45 72 -56 -81 100 38 36 -78 -100 21 
88 92 71 90 -78 -74 -68 -80 5 51 
36 -47 12 6 97 13 -56 -8 -41 11 
93 -36 -68 87 -17 82 24 69 54 24 
-61 42 -34 -91 -19 -12 86 -36 -42 -60 
-86 44 -56 -24 -50 -60 39 -56 32 48 
5 -26 -89 -13 -40 -56 -32 35 -88 -78 
-92 -99 64 -26 61 95 12 47 -42 20 
87 -78 -36 81 -2 -36 -80 87 -42 3 
34 63 27 45 100 38 39 -33 -28 51 
10 10
-11 -20 2 -98 5 -37 98 -84 -91 -95 
37 46 -72 51 27 26 -86 -3 -37 -78 
50 97 35 -73 -8 34 65 -70 -100 87 
32 -60 -34 -67 93 21 -4 40 38 -45 
46 -76 52 74 25 -72 -51 -11 -25 12 
11 76 -41 -55 -98 51 79 17 31 29 
3 -38 69 19 -54 62 -60 -8 1 28 
-2 97 2 100 70 -74 78 -81 15 -48 
31 -75 78 40 -80 80 -10 99 -54 72 
27 49 84 -54 -32 -71 58 -42 -28 -92 
