100 100
-79 -91 -27 -29 -91 32 33 -60 69 91 25 -58 29 -74 -70 -68 -4 41 -92 -88 -84 12 26 31 -8 69 -13 67 -86 -8 24 86  2 47 -43 11 -22 40 51 98 -20 -25 -61 -92 -48 -81 91 48 61 99 11 77 -40 87  7 52  6 44 -31 20 -64 93  5 -12 -11 12 99 68 -49 -1 15 32 24  4 -10 26 23 -19 -76 -17 -71 35 -90 -10 -29 -33 92 77 -89 -40 -54 98 -98  2 -15 -8 -87 -67 -91 -85 
32 -26 47 -95 78 87 -18  0 -33  6 34 -3 91 44 37 -39 -90 28 89 -79 39 85 -82 41 -14 -47 83 -50 -14 42 -35 68 -85 62 24 43 48 -95 -57 66 11 77 -88  1 -30 49 12 -20 -24 -50 -48 -86 -65 -80  6 21 -26 -12 71 60 81 86 -22 46 47 -99 -11 -55 -94 32 61 -33 -42 73 68 28 21 -71 58 47 -20 -91 62 15 -70 -83 86  4 -45  7 -87 -65 -8 -59 82 90 -58 -80 85 -52 
 2 45 -35 60 17 -68 -63 88 -88 95 34 -58 -96 -55  7 85 -38 -8 -62 -32 49 -99  3 92 -57 -66 31 -15 -96 15 -16  6 -91 49 -85 -24 32 -48 -37 -6 98 47 36 52 43 -58 36 55 -16 24 -78 84 25 26 75 68 10  5 -97 15 70 -63 71 79 36 87 -46 -33 89 -33 11 86 -87 -54 -13  6 -62 -78 -39 -27 46 -17 -44 -79 59 81 89 -31 -15 42 34 -96 79  4 83 15 -10 87 32 -71 
-97 -57 65 -84 -61 -48 -27 -72 -76 34 -49 21 -84  7 42 76 -63 -20 -56 -28 -78 28 -24 51 -69 -92 -85 -28 45 48 -49 48 41 -85 14 30 -83 87  8 93 20 59 13 37 -85 -96 12 -48 -66  6 24 -94 84 100 58 -86 58 23 -64  2 -30 -13 -51 61 -47 64 -59 -30  0 49 -38 -80  8 25  7 -27 29 69 26 14 -26 -51 20 -93 100 -73 -79 57 51 -92 -91 71 -55 -92 32 -2 72 23 69 -78 
-29 81 -58 29  6 49 -98 85 17 -22 -2 41 27 69 48 -24 96 19 84 46 27 93 -33 73 51 99 -80 23 21 89 -5 42 20 37 -79 76 -15 74 60 52 -49 -92 -8 28 77 90 -96 22  8 38 -82 86 -20 -15 58 -70 -67 28  3  4 17 98 -55 87 34 -84 62 69 90 21 -30 -60 -21 12 69 -95  1 23 28 -91 -90 46 45 -10 -70  2 -30 -37 80 74 67 -54 21 62 -68 -95 79 94 74 68 
-35 95 59 44  6 -23 50 -93 50 -73 67 60 73 11 100 53 63 -31 66 42 93 -18 89 14 -57 -80 19 72 65 -58 -10 -71 -64 -52 23 43 -25 -78  0 -76 -51 -34 34 72 27 33 24 -11 -99 -11 81 95 71 69  8 65 40 77 36  4 -82 76 -17 -45 74 -95 48 -52 79 98 -78 -73 -87 56 100 40 -12 -27 -72 -60 13 59 -66 -67 28 -8 98 -33 -32 -16 21 -64 -91 -97 -59 84 59 89 82 -13 
36 -96 15 49 60 -36 -12 99 -13 -34 -62 100 -75 -78 84  3 14 31 70 32 65 -60 68 75 94 -91 58  2 48 -11 90 -16 -7  4 83 -97 18 -29 -99 -96 -13 90 55 12 -89 38 -86 -25 -82 34 57 84 24 24 58 17 -17 -35 -81 82 54 -92 -85 98 -38 98 -100 30 -82 52 34  6 41 -62 68  2 26 33 77 45 -34 33 28 41 -94 -65 -43 -60  0 -24 72 -97 -66 37 -100 -4 -16 51 -75  3 
 2 10 59 93 -2 26 -56 75 -42 -80 19 -25  3 97 -85 -40 -69 -78  0 -19 -51 -29 -16 -17 58 -65 30 -59 36  5 44 89 65 -48 81 -87 29 -75 88 87 96 -44 -89 -1 -48 77 59 -67 100 -92 14 99 -71 48 -69 87 33 61 -73 -31 -84 22 -43 81 74 88 44  2 -88 31 -61 59 87 -100 -93 89 78 16 -79 27 24 -15 -25  3 84  6 -11 16 -33 -34 35 -67 88 92 64 12 80  8 -87 42 
-62 -98 -50 76 -97 -43 64 31 73 86 -93 -54 -80 -18 49 -97 88 88 20 -96 -46 -46 88 -59 97 52 53 26 -41 17 -33 -53 19 -32 -78 -28 25 87 -98 -52 22 60 -6 42 -59 94 46 80 81 -85 34 -66 -81 22 -74 -85 -27 29 41 32 -55 59 29 15 -74 52 87 51 38 40 49 -41 -1 -57 -100 -9 -64 -4 -30 -84 11 -97 -99 31 -25 -73 46 48  6 -63 -71  2 46 59 -84 72 10 53 -28 98 
-58 -79 -94 42 -86 57 -68 -50 -47 -48 -84 64 -95 68 -56 -19 95 41 -72 -49 28 -92 53 -27 67 19 -56 -74 -29 16 -77 14 -13 80 -95  1 36 88  1 39 -61 18 -47 -56 -15 -3 -25 -70 88  4 -69 15 12 84 88 -72  2 -69 -46 23 -2 -73 87 35 57 92 -64 -8 29 -13 -69 68 55 -16 63 91 31 -63 -80 19 -9 -49 -67 -98 85 -79 81 -64 -98 85 59 -50 62 -4 86 18 -63 72 -90 67 
-42 92 34 -87 -75 -54 -97 56 -16 74 -76 75 75 -92 28  9 -71 -42 45 82 -57 -47 -68 -96 49 68 -27 87 39 -67  3 47 -76 87 10 100 -67 -37  5 -33 87 30 -59 11 38 19 -81 17 78 14 -52 71 68 -70 25 -34 98 98 -98 -14 -70  5 84 -46 -58 -7 -97 -25  7  9 -8 -7 89 -17 55 -24 -98 24 93 30 -62 91  0 56 -79 -76 -79 69 73 75 -45 -98 -71 89 -93 -29 -19 -90 -4 38 
-31 88 -69 -43 -29 36 33 -77 -41 -25 53 -3 -84 -98 -98 -63 77 -76 -95 49 49 -90  2 78 99  9 100 -70 -31 -5 68 39 -17 49 46  4 -16 -21 27 -6  4 -71 91 20 -69 94  7 58 68 -37  7 -34 -27 59 -57 -78 -33 93 -98 36 -12 70 -76 21 -31 71 -76  3 100  1 97 -47 30 38 24 11 -19 -70 -32 99 -7 25 -36 17 -17 -43 -11  0 -100 -9 87 -12 -90 -90 59 -71 31 83 33 -20 
-67 -21 34 63 67 -43 -77 98 -63 -9 96 -19 67 -91 48 -51 -83 -64 50 -83 -23 -14 -45 -13 -4 -87 -33 78 46 100 -43 79 -72 41 -9 96 98 14 93 86 55 39 -84 21 -2 64 21 15 50 -80 -18 -74  6 37 -37 52  0 30 29 -55 -21 87 74  8 27 -36 -47 -25 28 96 -90 -67 -16 -74 54 83 90 -76 -53 39 -56 30 15 50 -84 78 -48 -33  8 81 12 87 17 -64 -6 95 -50 -3 -31 79 
-57 -21 62 27 -45 15  9 95 -10 57 33 34 -64 98 -66 -98 75 -14 -31 -18 -84 32 -31 34 68 13 28 -83 61 47 46 -97 76  7 30 -70 73 90 -76 -38 46  7 46 32  4 80 -16 -72 -85 54 11 -68 -15 30 16 -98 93 -57 70  3 90 16  6 65 73 -64 45 45 76 69 57 -29 -75  3 -98 -21 -68 -14  7 99 90 68 81 -76 -3 -4 -74 -60 39 47 43 -22 -38 -51 93 85 -65 37 30 -90 
-45 -64 -19 -70 -11 -67  9 -28 -31 -85 -30 -41 34 -50 -67 -70 -4 -90 -80 -66 57 64 -38 69 63 -46 53 48 41 -68  8 46 -31 89 76  8 72 -66 80 -60 100 100 -51 33 100 -67 14 -5 -57 34 -21 50 -53 41 18 -91 45 -30 57 -65  3 -36 81 22 -98  6 80 24 -10 60 65 -10  9 64 73  9 47 -14 54 40 -80 -67 -11 -33 24 57 -73 -81 -73 84 -46 -20 99 86 52 51 -59 31 -25 32 
-60 90 72 50 53 44 -92 -50 81 62 90 51 95 -21 -83 19 -65 95 38 -88 29 42 -58 27 27 44 -23 19 -25 52 -100 15 41 72 -86 -56 -35 -78 -56 -55 85 -67 96 29 -38 64 98 -52 58 -15 -90 -14 -73 -47 63  4 47 91 -78 -79 -8 -78 -13 84 44 -49 -73 -91 -26 -79 -96 -92 -46 -100 37 17 14 35 15 -29 -81 25  8 97 28 -30  1 -25 -90 -27 -54  3 -54 33 -14 90 35 -37 49 -92 
-16 54 67 38  4  3 -96 -83 88 -31 -62 58 95 46 54 -28 67 -96 47 27 -22 94 -71 -26 -24 -35 -37 -90 28 63 69 -89 -34 35  0 70 89 -46 37 76 24 75 -17 -32 -29 -63 40 88 -59 -63 -36 -31 -70 -6 43 -44 59 57 -83 -63 -31 36 -52 35 -29 -2 -46 -91 53 91 35 -74 15 -82 -6 36 -45 84 -27 -54 -80 38 16 -100 82 -92 -43 40 15 -76 77 84 60 76 18 81 -77 72 90 26 
12 25 52 -73 43 96 63 48 80 87 94 100 24 -41 -100  5 -82 -93 95 33 82 22 17 41 -3 -66 -28 20 57 -39 -54 -32 36 48 -5 -72 44 -92 76 23 95 20 -28 18 79 -78 73 97 -71 67 30 -90 -12 97  2 35 -70 74 -95 87 85 -99 -95 21 49  0 49 -58 -42 -25 65 -48 95 88 20 23 -91 -8 20 90 -91 100 50 -53 96 -49 83 76 75 38 13 60 39 18 -70 -13 68 29 30 -74 
-97 -56 -22 48 82 49 -29 92 91 41 31 100 40 -20 98 -15 32 80 -90  6 -33 -27 -85 -95 91 -55 -58  9 25 22 35 28 17 63 -24 -2 11 -3 -61 -48 -63 70 -49 77 -50 99 -89 32 28 72 88 95 -55 -97 100 -65 99 -58 44 23 14 -72 -99 -70 92 -73 29 -48 24 18  4 61 -12  6 -13 -12  4 -2 -81 83 -81 -94 77 -36 60 77  0 59 69 94 -19 -18 73 -68 -37 64 -41 42 66 83 
-41 -80 -7 47 -24 80 85 30 -73 -97 12 -53 -90 -11 11 70 -85 61 -22 34  5 10 66 -23 42 -72 91 -99 70 56 34 -71 26 -73 26 -99 57 11 32 85 -36 -57 82 -76 -18 -8 45 -3 -97 -78 -70  8 32 97 85 -76 75 75 76 45 -20  9 24 -94 -14 100 58 -57 -40 -61 78 25 -17  9 49 15 51 -7 63 54 -34 93 -39 98 39 96 72 -36 20 47 -92 51 -94 -18  7 -8 -19 -36 -15 42 
 4 -88 -34 37 21 65 -99 -28 -92 64 76 -26  7 88 -79 96 83 94 -41 -47 40 -83 -97 46 -1 10 89 81 24 -77 -28 78 87 -12 14 -43 -48 16 29 -40 -71 -45 34 36 -58 56 32 75 -1 91 -73 -62 -92 81 35  7 -60 -27 -63 65 -54  9 -8 -68 47 -94 -10 100 -28 69 -41 -49 74 44 88 -85 -51 19 41 48  9 68 36 -33 -1 -80 25 39 -57 62 -47 -60 -79 46 -28 68  2 12 17 24 
-69 27 75 -96 -80 62 71 -31 -70 11 67 -10 -72 -48 57 27 -27 -19 -84 -34 94 -31  6 65 65 29 -18 -34 -60 100 40 -79 -24 15 -74 -4 -74 47 65 -43 -43 31 -3 -15 33 -47 63 -95 -15 79 -78 -72 98 28 93 63 -44 -76 79 -53 -77 19 -32 -1 84 -56 95 60 91  9 67 98 90 -37 -67 23 17 96 -22 52 24  0 80 21 79 22 -67 -66 46 63 -69 20 -69  0 69 65 -6 64 24 -15 
-78 -9 -68 -88 54 -35 -15 -80 -40 63 72 34 -87  1 -45 92 73 -62 76 19 -100 -93 -62 82  7 -94 46 51 20 -30 86 -7 61 -82  5 -36 -17 40 -65 -6  2 57 -73 15 -42 -68 -44 -70 -29 -68 -1 -79 -61 -13 -97 -4 -56 49 -54 14 69 -68 -94 -21 -50 -39 44 -17 -100 79 77 -47 35 55 18 43 87 75 24 -93 -94 -78 80 96 -40 83 -9  4 -19 37 68 -50 19 75 29 19 86 -78 53 87 
51 -21 90 -14 -67  7 -72 71 -19  2 28 -63 25  7 -68 35 -61 -27 89 21 61 56 21 -71 -20 100 49 -34 73  1 -98 23 80 92 -92 64 -2 88 34 30 -61 -39 17 64 69  0 -52 58 73 -64 -72 -17 93 49 13 -28 -1 -39 -12 -29 12 -10 44 -59 -19  3 -96 80 -60 -12 -41 -21 50 76 94 -32 -25 -59 -75 99 -22 -46 -19 -80 53 94 -58 -99 -96 31 -78 16 -80 67 58  2 -81 12 -69 -41 
-100 -10 38  0 -35 31 68 -9 23 43 -11 -100 47 70 71 -50 14 -88 -99 18 43 75 85 14 -9 42 -85 10 -97 -54 69 -97 -14  6 -47 51 88 -80 92 10 14 -20 -40 -90 -50 -70 -90 64 93 -88 -69 -14 87 -85 100 -23  7 65 87 11 -90  5 -36 -54 61 18 47 -2 -12 39 -93 52 -82 -83 63 -82 98 23 32 91 35 64 -24 -29 79 -25 -2 -14 90 -66 47 100 39 -90 96  0 -22 42 48 67 
-20 56 -32 -51 23 -70 -33 21 54 100 -39 -62 13 37 10 -9 62 -93 27 51 93 -77  0 31 85 -5 81 -38 87 29 79 -33 -66 -53 16 57 -73 33 -73 31 -18 -12 70 95 75 -71 -64 -14 87 13 -64 79 37 -14 -40 -29 31 -60 33 18 19 -38 35 53 -41 -100 -40 -14 33 -13 -83 -85 26 37 60  0 16 96 87  2  9 73 -69 96 -91 -9 -34 40 -19 49 -93 -100 -90 -8  3 -81 -8 63  6 76 
-100 -27 41 -24 60  0 76 -25 -54 12 27 55 -65 58 50 -56 99 66 34 -20 14 42 -70 -25 84 33 -6 -74 -4 50 -99 -54 73 -8 22 -18 92 -53  7 88 60 -66 42 45 42 -59 89 -9 -94 22 71 -29 -87 -100 -4 48 33 40 74 79 -60 75 75 63 -84 -4 -55 58 -6 52 46 -97 86 -13 48 -22 -21 36 69 -65 -93 -11 -44 72 -61 52 19 22 -58 -8  1 -18 -84 -75 -56 83 22 -11 40 66 
92 -15 69 27 23 16 -96 52 -99 23 87 -92 -89 94 30 -100 -5 -52 23 37 -10 74 69 -44 99 -87 -62 -30 -48 79 -65 94 -87 -97 21 -14 19 -25 -63 20 99 75 -21 60 68 -92 61 -38 -93 -67 50 -53 -94 18  4 -96 -19 -8 -75 -16 -80 -40 -23 -66 -86 98 20 -17 -27  8 54 -79 -18 -68 81 100 91 -9 -89 48 24 61 96 30 -21 -51 -15 10 41 10 94 62 20 -29 96 34 -82 -35 68 -9 
23 21 -38 -96  3 -57 54 -57 -16 66 92 -92 -24 37 -12 55 86 73 -35 26 -68 -92 -13 53 -21 -68 -64 -52 -52 54 -11 71 -26 52 26 27 45 -21 71 -72 95 12 -64 -29 -52 -25 76 -67 -53 91  9 -70 100 97 33 -72 -72 19 -24 -74 -27 66 98 -3 17 23 -76 -39 52 45 -61 47 -94 -24 -83 -46  1 93 -63 48 34 46 28 33 42 -40 11 21 80 88 47 -48  3 -6 49 70 -84 23 81 69 
-33 -81 -35 -27 -55 -68 -23 46 75 14 -56  8 -90 72 -60 52 -68 52 -78 62 -11 20 -87 92 -87 12 11 81 -65 -9 -1 -48 -40 64 -24  6 96 53 -99 70 -83 -55 -72 -73 68 -32 29 50 70  2 11 -92 -79 -26 50 85 86 -40 15 -80  1 -87 -77 62 27 -1 -83 -28 -49 -82 93 -82 -86 -80 -55 32 -62 75 -19 59 -24 42 67 -53 -85 17 82 -100 27 -53 72 -72 -90 95 40 38 -7 57 60 -6 
25 52 13 -11 22 58 -80 61 -18 -49 19  8 93 -65  5 -93  2 -13 -92 -71 34 80 -93 44 24 -3 -69 -84 -47 92 10 28 43 -78 -83 -85 31 88 76 -88 -61 -56 21 -69 -71 -75 90 32 -38 48 11 46 -23 -32 -60 -100 65 -29 -84 68 -88 -24 -5  6 -51 -38 21 80 -50 -54 42 -61 -10 -38 -80 19 -62 -91 -100 -50 57 11 97 84 79 87 84 43 -93 50 10 -80 -74 56 -24 -25 -83 97 -96 -83 
-58 46 -44 -18 59 -23 51 47 -64 52 97 44 -38 43 27 92 29 11 34 -13 -90 95 -43 -64 50 33 -39 17 -21 -35 35 21 62 91 53 20 -83  3 -34 -46 -46 -38 98 -33 56 -26 -42 -66 85 92 21 96 36 78 82 -15 10 94 53 89 -42 -13 -41 -81 -23 62 -11 -55 -35 55 -1 -31 68 -54 36 23 20 94  7 -45 36 -72 -100 -29 56 32  7 -34 25 -41 -96 34 46 -86  3 73 76 93 -83 91 
47 -34 -40 -36 -38 46 37 33 40 -56 88 -25 -78 38 46 78 -31 -98 94 45 -39 99 -22 57 63 81 30 38 73 -3 -21 -30 14 -11 -16 76 -66 -79  8 74 -35 -55 99 -63 83 -5 -86 -98 -3 -92 47 59 57 75 -35 19 55 95 -94 -22 -58 -15 -2 56 24 82 31 59 -98 90 32 -83 -66 -19 -46 68 76 -81 70 -28 -73 -34 81 34 -60 -54 -48 45 91 -92 73 -68 -56 -30 38 68 -98 -81 26 -96 
-92 -92 73 93 -11 77 60 -36 46 -21 -14 23 45 -33 -44 35 -37 -42 -20 -47 -33 -98 -64 11 -27 24 -72 -25 43 55 -71  1 63 52 -6 -99 29 -97 -35 -76 -17 51 48 78 68 -97 13 -70 -38 43 -66 -21 45 -30 90 -83 44 -83 -58 -13 22 -78 38 -66 74 82 -65 -48 86 -50 -23 -32 52 -76 -55 -31 78  8  0 -61 -50 34 -32 96 54 -43 63 -3 -75 56 34 -3 78 -28 -18  1 -47 17 54 89 
18 -70 -94 -81 -96 -48 -12 82 10 88 72 61 -29 -61  6 75 -53 -32 -78 -78 74  6 -31 51 78 51 -48 82 -32 56 70 36 36 77 55 40 79 -58 -29 -12 81 93 99 -99 -68  4 27 -71 23 49 -49 -54 -46 -30 98 83 -79 100 64 -61  5 -17 75 -60 -91 -21 30 88 21 -100 -74 -49 94 -76 -97 76 -21 30 55 52 -72 56 98 -18 -75 45 -86 -54 -6 28 -15 99 -89 -41 -62 -80 -12 68 59 60 
19 35 -90 -38 59 -87 88 88 -7 42 -11 21 -3 -13 54 22 -69 68 69 26 -4 -47 24 -43 -37 13 -73 51 -20 86 -40 99 20 -29 -90 -71 -66 98 67 -22 39 -44 99 -65 -7 52  8 24 -30 -24 100 16 -21 -26 73 -8 87 50 94 -84 -14 -47 66 56 -26 76 85 -41 74  2 37 -38  8 35 -2 -100 -63 56 -26  7 82 -26 73 -90 -2 45 -47 -16 -6 -54  0 80 -51 -85 36 -26 92 -30 33 15 
22 -81 77 -71 54 -76 -71 41 80  4 98 61 28 70 22 -75 -36 75 -41  9 71  9 -12 -81 25 74 -57 16 95 76 81 16 45 57 -4 -1 82 25 90 11 79 38 -78 -44  7 44 -19 72 18 40 -70 -12 -51 18 -43 24 -58  1 90 87 -74 70 -48 72 26 48 -80 -43 -77 60 69 52 -3 91 -92 -96 34 -11 26 -99 80  6 -11 79 74 -4  2 -85 47 -9 52 24 -40 -96 -55 36 52 -85 94 25 
75 62 -23 -28  2 -15 -74 -65 74  2 -64  3 -93 -25 -19 81 21 83 47 -32 -77 -2 42 -67  2 87 70 -96 -99 63 29 76 -26 -95 98 76 -10 74 -90 -86 -25 97 17 -68 -79 49 64 -8 -19 10 60  5 58 -49 38 -40 -63  7 -86 -62 -81 43 65 -7 -1 62 -32 39 -14 -72 53 11 75 -80 44 46 69  7 -62 100 67 48  4 24 100 93 34 -64 -51 -2 -75 -31 -59 90 12 -10  1 81 -72 37 
59 82 -52 34 52 92 -71 -30 -52 -33 -31 65 -85 24 -12 65 16 73 -100 15 -30 76 84 -39 15 -54 51 67 -74 80  3 35 11 51 -82 -88 -8 -52 -18 40 -35  1  4 -70 -76 43 95 -10 -35 46 -95 -15 -29 39 47 87 85 -53 53 61 77 -95 -54 -13 57 -36 -1 99 -38 31 39 28 -68 93 58 -94 -15  3 -3 50 -52 -48 -65 19 41 32 -45 -24 29 58 87  6 64 -68 43 -30 -3 93 -32  9 
23 57 -64  5  0 45 12 85 -53 59 -15 -55 61 -30 64  1 -99 70 27 -20 27 14 86 -10 46 -21 60 93 -29 79  2 44 35 -12 -51 -66 -68 11 70 -21 -81 -46 -26 80 24 -62 -70 -25 58 58 55 -16 -29 -9 75 67 70 -16 10 -60 -38 62 84 48 100 83 32 -68 -57  1 -39 -38 55 36 -59 -72 24 -28  3 -19 80 -92 15 -50 -1 -11 67 -32 24 -74 -42 36 88 92 -17 88 25 66 70 68 
-34 81 81 72 16 -79 100 90 -57 -47 -80 -78 -89 36 -78 -40 75 40 -22 -2 66 36 85  4 -23 -83 -9 -99 83 -90 20 -51 91  0 71 -43 -29 20 97 -35 23 -83 -13 34  3 -40 94 -73 50 -29 -24 15 57 -40 -82 85 -23 -41 86 -40 -81 -45 -41 -90 55 -71 -83 -74 49 -87 -9 -28 81 28 56 -67 38  0 -39 -13 21 37 53 -22 47 71 -38 -77 81 98 -67 100 -47 -8 60 58 21 77 34 -80 
91 75 -58 21 -47 98 55 91 -53 -85 -72 69  2 81 -54 -52  1 -42 -29 -19 -95  5 -69 -42 47 91 -84 -82 68  0 89  8 -25 -70 -72 28 78 83 18 -75 48 -4 94 -51 -24 90 -53 28 -53 19 59 -48 74 90 -39 -30 81 -73 -12 -2 27 -24 -95 -99 -44 -67 29 -66 67 98 -41 -36 -57 -98 -36 20 92 11 98 89 -71 56 91 53 46 -99 -77 -24 -72 -39 74  6 -12 79 -43 44 62 87 78 -22 
34 87 43 77 39 -94 -54 30 17 -57 -32 -3 50 -41 100 -5 -40 73 21 -61 -66 -6 45 -28 -78 -99 -85 84 38 44 -88 -29 -20 55 99 -81 11 95 -1 78 89 68 -76 38 -74 -76 83 -64 47  3 -25 31 47 -81 -98 69 -79 -82  2  9 12 14 31 92 -82 29 -90 -21 23 -40 -43 -39 -73 -19 99 -47 -45 81 -11 -98 -67 65 33 80 34 36 -2  5  4 -100 -86 -85 -36 45 57 -67 -77 18 12 -4 
78 69 58 -96 -100 56 -93 -45 -13 -4 -43 -30 -90 41 -100 45 -24 -2 100 30 -52 -87 -5 -37  8 -49 -4 31 69 -93 -73 46 27 35  0 27 -60  7 32 -23 54 40 48 64 -20 48 -42  6 96 -92 86 95 -79 -20 -93 -20 31  3 -90 -50 -40 88 96 37 22 -54 -87 13 53 46 90  6 -65 37 -80 -35 -66 -72 71 81 -64  6 25 -92 86 32 -12 16 85 -52 66 95 87 12 32 -42  8 45 71 -40 
-60 61 17 -25 -53 -13 40 -18 15 -40 -88  2 66 37 10  1 -82 48 -83 -98 96 33 47 32 95 -22 91  2 74 61 13 64 21 80 90 69 -34 -21 -100 31 -10 -88 -68 -95 -1 -8  7 17 -61 -26 -31 86 57 -85 17 52 -56  7 -97 68 -82 -34 31 -11 -55 -30 -93 11 50 -93 93 90 70 75 95 -32 -33  1 85 -44 25 -47 -59 -18 -31  9 -67 13 66 87 -70 84 -47 61 -77 -2 82 -70 60 -19 
-62  2 -30 58 -24 -36 -74 43 16 61 100 -60 -86 91 22 -67 -51  5 -4 66 -8 26 -1 -5 -64 22 43 -83 53  2 -52 41 -97 18 -2 -70 33 -26 73 99 -65 22 -62 100 -37 11 83 -38 66 -22 -73 -93 54 27  2 40 99 -55  8 51 -3 56 -59 -49 -26 -10 -19 57 64 -47 55 49 26 43 48 39 -97 -20 -100 70 58 79 77 -39 -45 -71 -99 -47 -26  9 55 71 -36 96 -79 -12 -65  2 95 50 
 6 -1 -2 82 -58 97 20 96 -24 -30 15 85 -52 -8 -55  3 -29 -54  7 45  5 -39 -35 20 -44 -13 58 -8 39 53 92 95 -49 -11 76 -57 -65 -55 90 12 -34  4 -4 14 96 -9 68 -34 -12 -26 61 93 35 -74 -38 41 -37 -80 83 -99 23 74 97 24 -87 22 18 -52 68  7 60 -67 -90 -95 -3 57 -3 -86 73 35 -62 34 -23 23 10 40 -36 73 10 97 24 83 21 20 -44 34 93 74 82 10 
-70 -8 43 92 -53 90 48 -6 55 -30 -72 93 54  6 16 -37 -55 30 86  5 26 10 -13 97 80 43 30 72 -33 -38 -19 -53 54 74 -62 51 14 36 -55 -32 -94 -27 -90 10 79 26 24 74 -95  9 -22 32 69 15 -22 49 -42 -92 -30 -25 -30  2 22 74 -75 11 -26 39 -54 19 57 -98 43 68 13 21 -7 -64 -55 -1 -5 23 81 -36 89 -42 63 97 -84 -68 -29 -64 -16 43 60 10 -47 -66 -52 -50 
53 -95 -98 -5 73 15 67 -85  1 -89 -36 97 -16 -56 -90 -28 -47 73 -32 -31 55 -11  6 -61 83 -85 -1 86 -51 47 -65 53  2 89 98 -76  3 64 91 55 25 -46  1 60 -51 11 82  2 -67 -100 21 38 -11 77 27 -29 93 -75 -43 92 23 -58 44 -76 -70 42 100 -16 -45 90 89 81 -57 -11 40 -8 50 21 44 83 21 -85 20 61 92 -53 82 84 -78 89 76 45 -69 -31 20 -89 -90 19 -55 -34 
 8 -67 97  1 22 36 44 -29 -94 -63 -97 -22 -48 -26 89 -56 -29 70 78 -7 59  3 -62 40 73 58  1 33 -24 47 99 34 80 95 85  2 -20 -22 23 -63 16 27 -35 68 51 -97 62 -79 73 40 14 -19 93  2 71 15 -41 -28 -52 -15 69 97 69 48 42 54 100 72 -69 23 -92 -3 100 -77 -85  0 -74 77 21 50 -34 85 -70 -41 -13 52 24 46 74 72 -69 42 69 50 -11 10  3 -61 -19 -15 
12 -60 32 11 -37 47 -90 -60 24 -19 90 40 -35 70 49 52 21 -27 -2 -6 -56 -21 86 63 -72 -75 -78 -18 -36 -46 17 76 -6 -52 -64  7 96 -54 47 -31 -23 -14 -92 42 -44 58 -6 27 -70 42 72 -76 71 57 88 99 82 60 -70 -55 -87 47 -80  7 96 -94 65 91 -48 -39 -41 -21 48 -33 -79 54 75 -35 -20 55 -94 -49 80 77 59 17 25 -10 -24 56 36 -60  2  6 47 -3 13 -39 -63 15 
23 -54 95 -80 14 66 24 -62 -70 -97 94 -64 -95 23 63 14 -61 -13 -97 -35 93 39  5 -55 96 -98 -8 -42 -37 30 23 36 76 17  6 -61 -68 -71 -72 -38 84 -79 -52 89 44 -90 -48 33 -52 -45 98 91 45  3 -65 -10 -45 28 48 18 -93 -30 -96 33 38 -40 73 70 -10 -100 83 -27 72 -70 -89 15 92 -37 -53 -61 18 95 80 -88 -53 -85  2  2 -7 -51 71  0 -30 75 -68 58 -66 55 27 -26 
 5  9 47 -24 -10  8 41 -19 21 38 -30 -61 33 -51 -99 30 -86  4 -68 -43  3 -98 57 73 27 40 -20 61 -56 58 86 50 -34 -18 76  6 91 17 87 11 -96 -44  0 37 -44  2 -33 -80 56 -51 -22 -42 -49 85 82 78 -26 -39 -12 19 -82 -77 -32 -65  6 94 -9 -4 10 -22 57 -35 -16 -93 52 -10  9 -82 11 -86 -83 89 -78 -32 23 -97 96 98 -85 -66 16 84 -43 34 69 13 27 -40 -92 88 
-12 16 -48 72 23 -97 -38 82 73 23 96 90 -39 -83 -92 84 72 54 81 37 38 -4 20 46 80 -11 -42  7 -1 -83 -56 87 33 -54  8 -95 -51 70 87 72 -58 32 12  3 -1 -30 -13 -80 74 -83 57 12 14 -73 -43 -57 -34 -35 50 65 -18 44 51 65 90 -42 20 90 79  6 61 71 88 -78 -26 -63 -8 11 -43 -34 28 65 28 92 92 35 -65 -43 100 35 -79 -68 -21 22 97 -82 30 -33 -93 -42 
23 19 -71 11 41  3 -2 84 64 55 100 -9 19 27 -67 10 -39 -32 17 -90 53 38 -58 82 -91 90 -100 40 -44 58 48 79 -74 77 -61 18 -71 37  1 93 -8  0 -66 61 77 -33 -79 -63 -15 38 -53 -63 -24 -60 -81 -65 -71 70 25 -65 27 -27 -87  4 -51 -47 -79 -21 90 -28 -79 -69 22 -45 93 -2 -28 64 -15 57  1 -18 45 27 22 64 63  1 -17 -13 36 60 60 50 -37 60 53 -16 89 42 
 6 -91 24 -73 -35 -34 25 37 -71 -91 -56 30 -8 89 -93 64  2 70 -35 85 -94 -100 44 17 50 58 -24  2 92 -86 95 -2 -77 -32 25 -62 -16 -50 26 13 -91 70 93 -49 58 100 -85 -41 19 -20 94 26 -70 37 93 81 -6 -32 -68 -14 -18 77 34 -45 95 -42 -6 -22  8 -81 91 -32 89 34 19 -4 -17 34  5 -98 64 -2 28 95 -66 20 25 -21 38  7 15 70 -16 -52 75 -72  6 -32  7 65 
-63 -53 83 -75 31  1 -29 -86 86 76 -84 -1 -27 -6 -7 -42 64 68 -13 -49 -25 52 71  9 50 45 37 -45 -87 94 70 -50 -59 52 -74 72 -97 -53 36 89 -77 52 -63 -54 96 31 -46 59 -52 41 60 23 -8 30 82 -59 -25 -31 -53 -62 -38 67 -62 -47 -31 -86 76 -78 -38 11 61 -65 -87 98 -19 -92 28 36 18 27 -74 -23 -51 19 -93 82 10 -68 -50  7 -30 -38 -76  8 16 -7 -27 -9 15 35 
52 -25 70 65 -28 -50 74 51 36 -9 -73 63 18 -24 -69 25 -93 41 57 -43 99 77 20 -78 -65 86 15  8 -24 80 93 78 -96 62 43 -74 62 -34 27 -2  7 54 -90 -76 81 -59  0 88 32 -94 96 30 84 -35 52 69 -50 -84 -74 -24 46 -82 -47 50 80 96 27 -9 -89 -47 39 18 -93 49 -7 88 40 93 25 -28 99 20 52 32 35 -46 -50 85 -80 -24 -40 67 -6 14 -34 -77 -41 93 -35 -79 
97 -97 39 -97  3 -69 41 93 74 -85 -86 73 -14 67 -46 -80 -80  5 -95 91 31 -85 57 -75 -21 -77 99 39 66 -37 10 62 -83 -52 15 20 -70 -95 -38 -97 -79 -23 26  7 -57 81 27 -87 -65 -18 -97 66 -2 11 41 77 -16 40 -35 100 -98 75 62 -81 74 -74 -11 -97 -68  2 -94 -47 79 33 10 72 -37 87 35 -2 -81 -12 -87 17 99 55 -57 -68 -6 -41 -68 -54 -67 44 -84 57 70 -45 60 -99 
57 17 -96 35 100 -36  6 -88 -99 91 -40 -80 -21 -27 37 -73 -73 30 -40 -29 89 -8 18 73 86 -16 29 55 39 -11  7 -4 56 11 -70  5 26 -13 17 27 -73 77 47  6 -51 -67 34 -73 63 44 -52 52 86 16 24 71 100 -98 25 39 -59 -69 85 97 -7 -86  1 -82 -49 -83 45 -21 44 -59 35 94 -26 -82 71 -64 62 69 38 -3 -15 -89 -33 -66 -86 43 23 -45 24  7 -48 67 -28  3 35 -27 
-29 -71 52 -86 -30 -63 58 44 -45 28 31 68 -53 -32 -36 -18 -70 -18 16 -56 -76 -61 -1 -2 46  1 -35 68 55 100 -59 -75 -71 93 -61 -51 -71 98 94 -65 -25 -26 -98 22 42 -34 -97 72 48 20 66 22  9 -85 71 -96 16 86 73 -80 85 -87 -55 64 56 -15 -87 36 -18 57 71  7 -70 73 -71 22 89 83 -56 -13 -48 -91 59 61 75 29 66 -59 14 38 -39 -51  1  7 63 -44 92 26 92 -77 
-18 12 30 -38 -16  9 85 -77 -8 79 10 44 38 -82  5 13 48 -80 54 -89  8 -86 -40 -92 21 74 -86 -38 -1 57 -15 82 -32 -85 94  3 24 28 26 66  6 86 10 -56 -97 65 57  1 85 10 13 -58 -26 23 -50 96 -4 -86 -43 96 71 -7 27 90 -42 -30 -8 32 99 68 -2  4 53 -93 -2  6 72 -46 -93  6 14 -30 48 39 93 48 34 -61 12 41 85 -17 84 -39 -28 -59 31 14 74 29 
-19 -29 84 84 -72 -19 -11 50 -14 -54 -95 50 16 53 -12 -41 -50 72 -52 62 -37 -68 95 -54 -57 -84 -12 24 30 -89 -97 -90 -68 87 94 -40 -83 -67 60 -47 -21 65 54 46 -33 92 55 -33 14 -98 79 77 85 74 73 -73 40 -90 51 -30 -79 54 -70 -97 -10 75 -37 -42 -93 73 11 -64 37 -86 82 54 57 36 -80 -30 -12 100 97 -28 23 69 -51 -38 30 51 32  1  4 13  5 45 -63 68 -98 95 
-9 -37 -70 -73 -72 63 32 85 -52 52 -96 -13 51 -100 59 -77 19 59 -14 -52  9 68 50 63 -20 -96  7 -33 22 -41 -39 -88 -27 -58 91  1 -96 22 -65 -98 -27 -61 -11 75 90 99 98  8 57 -67  7 -35 -99 -94 -73 -69 -90 -15 -1 32 -6 60 -5 67 -99 -15 -83 56 -94 -98  9 -71 -59 98 54 -70 96  2 -11  2 35 96 67 36 52 45 18 62 80 -84 -57 -77 26 38 41 -22 73 58 -67 79 
11 42 59 52 -10 12 33 -15 64 -79 88 -1 67  4 85 -32 99  2 80 28 18 -78 52 -56 11 -8 22 -17 100  5 -88 10 98 71 -38 -13 -68 45 22 97 16  9 -5 -68 64 -21  0 12 82 -21 -60 -51 -49 92 -57 62 -17 15 96 -18 71 -93 43 68 78 55 -46 -91 -1 76 56 65 -65 -50 97 49 -20 -54 -40 -89 25 -50 -90 26 -59 -46 -62 -26 19 -67  7 -11 -60 -51 -94 68 -97 -40 27  2 
87 -17 -84 72 -17 -88 20 63 -92 30 24 -17 81 35 -92 -79 39 -54 -54 -93 -21 53 -53 -31 -99 -47 -64 55 -36 14 -94 -50 97 -78 -79 -71 85 -9 43 93 -80 -34 -25 -100 51 -17 73 -11 -20 -82 -53 59 21 -6 79 -28 47 65 -74 -90 -22 -68 -90 -76 -46 -69 -46 -62 -28 97 81 -7 -38 -45 -57 64 -12 66 -48 68 34 -1 -23 -46 43 -45 -24 -10 70  2  0 -52 -16 11 -28 38 -8 26 26 65 
-28 -44 -93 35 11 -100 -2 50 67  0 17 -50 50 94 -45 -8 99 31 32 69 84 -68 67 -33 -7 -62 56 35 15 -69 -51 87 -12 -44 -29 49 -93 19 -2 24 70 -85 74 19 59 79 61  8 10 -7 -74 -57 -25 93 10 18 81 -35 -48 -5 -3  2 -68 35  8  3 -17 -35 73 82 89 42 47 13 -90 -45 -9 21 63 51 64 39 94 89 31  4  6 12 19  9 57 66 -90 39  0 -32 93 34 34 65 
-35 -28 -44 -89 85 -34 -84 -74 37 30 77  1 -32 21 -11 100 75 96 -39 -7 -46 68 -41 -36  7  9 -18 -1 -58 66 -87  7 -62 -31 -32 73 -15 -65 49 -79 65 26 -28 -68 97 62 82 71  7 -58 -37 61 61 -28 75 -33 32 -94 16 74 73 29 -69 61 48 -51 -17 -68 -16 -68 -97 -52  8 -24 -19  4 88 -38 -76 -6 -45 -63 -96 -85 10 79 -68 -59 35 48 65  7 -74 46 -83 74 96  1 56 -21 
-17  9 -22 91 35  9 -56 22 21 -32 66 76  5 70 41 65 -2 73 56 -67 -30 21 -10 -4 -34 -42 -81 -89 59 25 -9 92 85 19 32 19 -73 76 -59 48 94 57 -26 -52 27 -86 -87 75 38 69 58 -93 -61 -52 -46 -44  6 -77 -33 -86 -1  8 -95 -17 -74 -13 -99 -97 -38 93 52 -95 50 76 -47 -74 40 -84 51 -23 36  9 -65 75 57 -61 81 -88 -38 -52 77 61 56 32 94 83 -82 46 86 -70 
38 -13 -65 -63 -88 -62 -87 53 -95 65 80 41 -27 -86 -35 80 -47 -54 42 -34 -6 18 77 100 -51 71 32 -83 16 -32 -53 -97 55 -68 -59 68 -80 -96 -30 -75 69 -51 66 -59 -36 82 71 -33 78 12 -17 -79 80 -90 -80 79 81 53 96 -54 -80 93 100 25 -76 91 -58 96 96 12 -80 64 62 37 56 76 18 26 93 -5 89 -24 16 68 -14 -14 47 -84 -62 -8 -88 -92 -15 -89 -16 -41 -98 26 -46 48 
89 -25 11 50 62 -34 -25 -21 43 -33 24 31 -7 90 -52 29 -25 45 -5 -36 -63  7 -28 -28 -31 56 31 -79 -68 86 69 -80 -90 -71 20 72 -54 95 -100 89 -89 24 -31  5 13 -33 -67 38 -88 -21 -99 100 86 -76 -29 -96 30 -99 -75 62 37 44 82 47 74 -49 -32 -81 -55 -32 58 -43 42 -74 12 -96 -57 45 43 -45 -77 44 -46 60 18 25 64 -52 27 40 -91 -87 -67 42 61 -94 93 79 76 89 
-53 33 -55 89  9  7 94 53 -49 36 -93 -75 -71 -88 35 48 37 -52 96 -87 38 55 78 72 -4 38 28 -61 -34  4 -73 13 -64 -78 -48 -4 29 -55 -52 30 31 -95  5 10 68 90 -93  5 -62 53 -32 26  8 -55 -3 54 33 -75 43 100 -21 70 -38 -35 42 14 61 -80  9 59 51 90 15 -95  0 -18 96 -43 37 84 -90 -95  9 18 -100 57 -79 -16 32 65 -67 -90 -16 -55 -75 -74 10 37 -54 -82 
-5 47 -92 -91  3 -42 -8 -52 15 -72 -69 25 84 -10 93 35 97 -86 69 28 79 -99 -12 -38 97 -36 -62  6 -100 -65 25 -5 32 -17 -45 -66 -9 47 -18 56 25 -37 -19 -41  4 -77 94  0 88 62 79 16 13 -84 29  9 -20 67 66 -70 52 -10 26 -16 23 31 -32 64 -73  1 19 52 64 50 61 -33 74 54 18 61 -35 -54 -73 28 -38 56 88 -7 -28 53 -27 -76 93 49  8 -35 -21 26 -72  6 
-74 47 -92 91 -3 69 -93 -80 -27 -25 31 38 21 58 -34 34 13 -97 77 86 56 -51 60 48 99 -83 -88 -73 43 -60 34 70 37 -8 10 -67 -40 -33 -97 33 43 35 -79 -87 -8 -63 -3 56 -60 -77 -9 46 -27 -50 -7 -79 -33 -45 99 -91 -55 32 79 82 74 -62 66 -66  6 69 17 99  3 -12 62 46 25 -41  1 15 -18 92 -40  5 -59 53 -24 -42 58 -25 -33 -98 57 97 85 31 85  0 65 -10 
-32 -69 -62 72 20 -100 -33 95 -41 68 10 -9  9 70 47  0 -27 -78 58 -70 -3 75 84 -46 71 18 85  6 -83 -1 96 -15 30 85 -94 100 85 -27 95 94 91 -46 -66 -1 -77 81 99 -54 -97  6 -73  0 -19 -90  4 -99 -22 -62  7 -5 37 -47 30 -83 -63 37 67 72 60 61 65 51 -86 99 100 89 80 49 85 33 -46 -89 83 -15 72 -13 -63 100 25 -6 -6 -88 47 75 80 34 11 46  5 -80 
 7 -81 71 -29 69 71 -91 -2 19 45 -70 23  6 63 -92 -72 -51 -55 -73 25 -11 -28 37 -64 -54 16 20 57 -39 76 77 18 45 -2 40 -37 -32 -1 61 37 -57 41 -41 50  4 -83 78  3 -88 55 -73  2 -74 14 -12 -28 80 58 79 92 33  6 -41 -22 -97 49 -9 -79 -52 -48  8 -59 43 17 41 -54 35 -32  0 47 -77 -23 99 -51 92 -14 -28 21 -56 -50 12 27 56 22 55  9 -30 -54 -20 -32 
-2 88 10 91  5 -100 88 -61 -31 -13 36 -58 64 35 -59  5 71 13 77 65 64 -12 -8 -31 60 -54 29 -70 -8 -92 -52 40 97 58 -19 -49  9 -32 -10 28 55 76 70 -32 -40 -90 74 -69 -26 50 96 88 88 -63 -44 -2 -16 85 28 26 44 76 -84 40 -16 -3 91 43 15 -70 -30 -31 56 90 37 -84 100 -40 98 -77 60 43 -90 48 81 -83 -55 -86 -99 23 -10 -5 -52 -44 -66 -18  3 75 -76 -83 
55 -56 -64 11 -67 74 -23 84 84 -76 -94 44 67 -83 -59 -3 85 -64 -39 36  9  2 -69  7 58 -35 90 -89 91 64 -72 45 59 -35 -95 92 89 -18 75 22  6 32 -85 -77 -1 -44 -30 -17 -58 32 -82 51 -67 -51 -42 41 -35 98 52 -45 61 81 100 19 96 56 -39 34 -63 86 -95 -6 17 -79 -33 -85 -23 37 -2 20 -32 17 -80 -49 16 -72 93 81 -75 44 -65 37 -26 86 -95 -81 41 -34 53 28 
-98 59 -79 19 30 -62 35 -94 76 83 -24 94 -51 -53 -55 66 -25 -63 46  1 81 82 88 -45 17 93 -76 -43 -91 78 85 -89 -14 57 -20 -85 95 -86 72 70 48 99 64 97 -55 -92 62 -30 96 -42 21 26 90  8 31  6 -49 56 63 -90 33 -3 -79 69 -47 -49 34 -52 -84 -45 68 64 -47 31 60 -52 -11 -28 19 -16 -20 -61 61 -31 48 -9 25 49 -54 -13 59 79 34 30 -3 88 81 81 86 97 
-64 53 10 -61 -16 -30 -12 23 -8 -94 58 22 96 18 91 43 -92 15 -59 -45 52 100 84 -15 -21 -69 -78 -90 -89 -93 -94 98 61 17 -63 95 37 25 -33 79 31 -76  0 26 -8 -60 -81  1  5 -90  6 -44 61 -11 -9 -61 -30 -36 -51 -18 -79 -94 -21 82 -27 -34 26 60 91 94 38 -29 68 88 48 -90 -73 17 11 32 27 67 38 -13 -95 79 -23 -24 -58 26  8 -86 -18 37 46 55 -97 -28 14 94 
-85 -99 -35 33 89 63 43 66 -21 -97 -53 -95 70 85 -57 76 14 20 -99  6 96  9 20 -22 -55 -34 83 -52 -12 -3 93  3 -52 -93 86 88 70 29 53 99 32 51 -97 -48 35 97 78 99 16 79  5 12 -13 75 40 32 91 22 31 -22 69 -27 31 -83 -20 17 55 100 96  7 98 -23 -43 51 29 43 48  6 -9 -87 -66 46 -25 21 21 -86 -97 11 37 -16 40 -45 57 -30 -78 -64 37 77 86 -18 
-66 83 60 -59 33 -62 84 -70 -5 -75 -56 29 71 19 -50 -59 -16 -97  3 71 -13 93 -75 -57 -38 -52 -71 50 -76 -86 -69 -42 97 41  0 -21 80 -67 -40 -26 -42  4 53 80 73 53 71 -44 56 -77 -74 -58 -85 -98 -65 -72 -50 -36 78 -76 -22 59 -17 -76  0 33 -46 -71 66 14 -47 75 68 -95  4 -10 59 -26 47 -36 -2 23  7 -37 25 42 -9 25 57 -82 50 85 78 83 60 -73 15 -87 -94 -20 
-23 -41 -96 95 -86  8 -16 23 33 81 88 81 -46 -56 -57 29 36 -15 -46 -8  3 54 -23 -70 36 87 -93 -50 50 -87 -20 -74 -78 -15 71 -63 43 -96 60 -25 86 -3 -45 90 41 -51 18 -23 34 22 69 -64 -75 96 -83 61 82 -76 61 31 -62 -59  7 -40 -24 -73 -53 -82 -68 -93 -6 -83  4 -1 57 96 48 -26 -28 -19 47 91 -32 72 37 -15 -17 -32 -41 -57 50 -53 -66 -44 -42 10 -16  5 29 -34 
-38 -78 -67 17 -29 90 12 -81 -87 34 -50 60 24 18 -18 -90 53 15 -21 -88 58 -72 -91 43 -66 -33 -48 -32 23 31 34 85  3 67  1 75  6 63 94 20 -4 -57 -71 71 12 11 31 -36 76 -91 -74 -16 88 -64 -74 -78 -47 -72 -10 76 60 75 61 -38 -9 -89 -64 98 25 80 17 71 -77 46 -9 35 -93 -78 49 83 -69 26 -34 -81 62 -58 92 -86 -29 -69 91 81 -95  1 -58 -3 12 -71 -6 87 
-92 61 58 82  6 -52 -34 -37 -30 -85 97 -48 41 -38 -79 -48 -45 -88 -84 26 -57 -94 -44 -51 -43 -2 -4 70 -23 90  6 -14 50 -37 -33 -95 12 -16 -31 32 -1 -35 84 90 -23 -96 92 -18 67 -93 58 -90 -86 -87 -91 -29 12  5 91 89 -56 -3 -76 44 10 -58 49 72 26 68  4 75 -68 -63 64 -40 93  5 42  9 12  0 19 26 13 -22 48 75 83 -12 14 77 35 38 20 96 30 -31 67 -45 
-64 -80 -71 -81 -92 43 -71 -100 -53 21  9 60 -80 79 -65 -16 -44 33 -92 90 72 22 66 -44 -90 -14 -49 40  5 69 46 41 89 25 10 97 -82 39 47 -85 -40 -94 75 -70 85 61 -36 91 -57 -27 30 65 45 -4 -79 55 32 -78 -55 -64 91 41 27 80 -35 88 26 -67 -24 -27 -51 -14 -71 74 17 -87 -16 31 54 28 -97 -16 -58 49 30 -37 -47 -39 -64 -52 -53 -74 89 74 56 -96 11 -18 -63 88 
 5 -14 -27 34 -40 40 -3 44 -29 -100 -79 -26 -66 -36 73 64 -23 77 75 -37 -76 72 -60 64 -4 96 18 -94 -73  5 94 32 92 -33 -85 -99 -94 -38 -5 -73 -37 -33  2 -3 -19 -76 -89  8 -100 36 72 -75  8 -89 39 54 57 -44 60 85 61  4 -34  2 21 -68 -47 -23 -6 -1  5  7 16 -94 -96 47 81 66 -46 82 -49 76 57  9 37 -5 -38 -56  1 73 -72 -39 -24 -56 14 47 -74 17 -77 21 
-85 28 -73 -19 -16 82 -73 -35 -3 -18 -54 49 -93 -98 -43 -5 -53 -30 39 48 -58 17 59 -32 61 -28 -86 38 90 -63 -42 55 66 -65 -64 100 68 -37 -36 -36 -5 -40 63  3 -38 71 98 -41 -60 -14 -94 -68 -98 66  0 13 88 -36 -50 77  1  8 -18 -84 -6 18 -84 -89 31 -70 -25 -74 -9 89 -21  3 59 -74 63 49 12 19 31 14 -16 -70 -74 -28 -6 -23 99 45 35 -70 12 79 -2 -22 90 -71 
 8 -85 -95 49 -97 -66 -98 12 -40 15 -90 22 -67 41 86 -32 21 62 -10 65 89 -12  9 -26 -31 71 -48 67 -52 -58 96  7 -93 51 -45 -90 85 -93 -28 95 22 -18 16  6 73 -49 74 -7 -87 -37 -43 52  1 16 -75 70 -13 -22 37 35 -30 -18 92 -23 -67 -53 -63 68 -96 -41 63 27 -9 -72 83 -37 -20 56  6 -57 69 63 95 -31 -72 71 90 15 99 -24 -100 -32 58 92 -5 41 89 -18  9 94 
41 -29 -30 -69 -51 -48 -56 29 58 50 22 26 -38 -33 95 -10 -63 34 -95 -65 -91 56 -47 18 47 48 -92 36 80 17 -21 20 38 49  1 88 51 -5 -34  8 -56 39 -67 -44 -95 78 46 -58 -38  1 -23 -29 -44 -20 39 54 -73 48 -11 -94 -86 18 -24 53 -34 27 -10 67 -79 56 -26 -85 -6 -43 -29 -1 85 67 -9 -54 -82 18 -32 -26 98 -94 78 75  4 -84 81 19 34 -94 -29 50 33 61 16 54 
-34 40 19 11 97 90 60 32  7 -49 78 25 19 96 99 17 -98 27 -9 -44 43 -78 75 -23 -72 96 -74 12  6 43 -85 73 -68 35 -67 80 -26 93 11 81 -57 -62  5 63 -66 -46 -71 87 81 20 -58 23 -8 68 100 -29 63 77 83 -31 -31 48 92  1 -18 -76 -20  7 67 41 -13 -90 80 43 23 64 97  2 50 27 72 42 -51 -36  9 100 35 -78 76 -33 -59 95 -86 83 -5 -3 -94 26 54 73 
-34 -60 33 96 83 -95 59 29 -43 -42 -45 -71 -100 -45 -7 -41 -96 78 -19 30 -56 -28 24 -42 -46 -82  5 -90 44 -42 34 61 -51 -84 56 -69 73 -35 11 -71 23 16 -42 23 71  1 33 75 -22 64 -46 22 -64 78 31 -10 97 -65 -49 -10 -56 85 -50 -7 51 57 -26 23 -79 85 53 44  1 61 -83 -79 -38 50 47 40 13 -100 -88 -1 79 43 40 25 28 91 -86 72 25 -85 -86 -25 22 -11 99 43 
-27  1 -64 24 -39 -97 46 -27 53 -58 64 -84 -58 76 -35 71 -32 -96 -5 46 45 -40 -32 -31 -25 -18 -5 47 71 -7 -11 -56 44 -25 18 55 -21 -87 -72 82 -45 92 98 -2 17 -87 -32 85 -83 14 -20 63 74 48 82 99 -70 -24 45 -100 19 -67 95 -38 -42 13 -83 37 26 96 19 82 87 -34 -71  3 -21 -53 -63 -3 61 17 -91 34 -35 41 32 -5 -83 -24 -5 36 -41 -10 49 18 53 16 -46 -22 
11 23 -91 -53 90 -62 50 -32 -14 37 15 97 -47 -26 31 -32 -85 -88 63 -68 -61 -92 18 -52 -52 -84 66 -100 32 71 -72 93 -57 -62 -61 -68 -74 39 -49 -38 -25 66 -41 -21 -60 40 -3 -95  2 -90 -63 41 -82  5 90 -84 22  5 67 -97 -75 95 47 -31 83 36  1 -91 -25  2 -79  0 -82 -20 29 -92 70 -74 -87 -28 -64 -50 -88 -96  5 52 71 77 -43 37 31 -68 -19 -23  1 -86 -88 53 74 -63 
-46 95 -12 -28 -25 67 -20 95 43 -7 -34 29 -7 -71 -17 49 81 -47 25 88 90 -45 -80 -79 -18 -29 -65 -55 -77 -92 -18 -22 -98 20  0 -73 -13 81 -78 80 -77 -62  9 -33 -33 92 -85 -52 -55 40 86 85 46 56 56 -73 -73 91 -28 -50 49 55 -22 52 -76 79 29 -39  9  1 -59 32 40  0 49 -94 -9 64 -96 -14  4 91 -29 -51 46 77 -24 73 68 -1 74 16 -97 -49 -83 -73 80 47 -11 -12 
-53 -20 71 87 80 19 44 -80 -67 48  7 37 38 28 36 -66  4 62 57 -79 -40 30 38 -37 32  5 -59 -39 -49 -20 50 -51 60 -30 86 -11 39 29  9 72 -23 66 -42 65 -7 44 99 48  6  6 69 16 86 -44 30 17 62 71 29 63 -100 -22 -89 10 -2 98 99 87 -24 -43 59 53 74 67 -32 -84 11 -84 64 67 22 -17 -68  8 39 12 75  0 -18  3 -87 -68 31 -76 42 79 72 -10 66 99 
-2 -26  1 -29 91 69 -13 -49 86 -99 68 -43 -16 -100 15 73 12 -60 -77 45 -7 -64 27 75 -90 -31 53 33 59 -32 31 -94 -8 -69 -23 -17 -100 15 -16 36 16 -48 93 50 -48 -42 22 14 -2 45 -92 91 81 36 65 92 55 -32 24 -37 36 -96 -30 79 -65 47 -89 86 -89 -5 21 27 47 -36 -74 49 -28 49 -87 70 -57 -79 10 75  7 -25 16 -89 -7 90 -25 79 94 45 57 -72 -59 68 65 -47 
-37 -65 30 -91 -51 57 59 21 -45 22 -10 -2 43 51 -28 -100 76 88 -89 -32 77 -14 -54 20 81 -97 -1 -78 21 -37 -75 84 -2  5 44 48 -89 -48 -32 -34 74  9 15 -34 -41 37 -34 -66 -25 -72 -48 -99 -36 -2 22 -55 -49 -80 -83 73 -17 93 56 31 -3 -51 -22  9  1 -3 25 -26 56 -61 41 65 27 57 49 -99 35 -100 -98 100 -52 -26 95  0 -56 -89 -78 -23 54 28 -92 -50 78 -64 59 -22 
-17 -66  3 89 -27 94 53 100 50 -49 51 -65 -99  4 -66 -50 78 -72  0 73 90 -28 -51 43 100 -43 43 77 -56 -48 -95 27 -14  8 16 59 -49 -82  9 51 -80 -41 86 -79 13 -81 -79 -9 98 -29 -87 37 43 -38 -21 -7 -30 -78 -31 14 -76 -76 91 10 -18 -44 -32 33 -75 27 -16 -55 37 -31 -34 -51 -61 -62 -10 -64  9  3 74 -98 66 -98 -5 -65 75 14 -1 99 -11 -61  8 71 -4 27 -46 21 
-47 -12 66 40 57 82 90 46 70 -21 33 -71 83  6 -69 -2 -42 -24 -17 84 90 32 82 -22 71 -60 100 -34 67 -47 37 70 41 -48 10 -53 85 -51 44 54 28 -24 83 -40 32 64 58 90 -61 91 73 80 22  5 -93 -7 45 57 59 -39 -91 -54 81  0 -2 -10 -2 -18 39 -59 87 -83 -33 19 -23 99 -17 86 38 -28 76 -39 -99 -2 66 60 91 -40 16 -1 -29 -24 45 -49 26 94 -8 -77 -75 81 
100 100
-86 -89 98 -69 31 -75 -71 64 -90 18 86 86 79 88 -67 -6 47 -77  4 -38 -27 75 38 68 -75 -36 61 -33 -63 87 -52 -98 98 -55 -67 -22 -30 -87 -59 -70 -19 78 67 -41 65 100  3 -39 74 57 23 -54 31 -89 64  6 -75 25 74 -88 -39 -79 65 -92 -84 99 -13 -63 62 -22 -33 -58 -45 -67 -49 -81 -67  4 -70 57 -40 54 -98 41 15 66 -54 -10 -60 70  2  1 41 -33 10 58 -85 47 45 27 
-76 -89 19 -70 -55 20 100 -72 -77 -70 85 -67 34 37 74 -52 -48 70 -12 -7 -10 40 44 -70 57 -97 38 72 50 -18 -52 25 -56 67 55 -61 -14 54 -33 -41 84 -99 -8 17 38 -85 15 40 86 -98 83 -25 -7 27 -45 -51 30 44 72 -70 -75 -81 55 -81 37  9 -42 73 -88 25 -68 97 -24 -26 -37 64 -10 79  4 -75 31 -14 -50 -77 63  5 -27 -57 -52 -56 -27 -76 -87 78 -57 50 -64 -48 -27 -52 
77  5 95 -97 29 -42 67 -82 87 -30 94 -33  7 -57 -59 -31 -1 -36 -38 -3 -42 -15 21 -29 -38 15 72 -52 67 -56 -3 -7 -1 -9 -54 -73 -1 -87 97 -15 -67 90  3 40 84 44 60 -18 -93 72 79 -85 -43 -50 -14 -31 15 -93 18 -69 -99 -86 -26  0 -45 21 -22 55 34 -76 90 17 -87 -58 -93 47 86 17 -72 43 -12 58 58 45 -93 95 65 22 52 -18  3 54 -4 77 -47  1 -3 -19 -95 81 
 5 46 -52 -31 88 -45 -85 24 72 95 -34 -91 52 75  5 59 69 -31 -70 20 51 -17 -77 97 -41 -73 -53  7  8 -47 -63 64 99 -15 83 36 40 98 -41 -39 42 26 -79 -7 -50 26 -99 -82 95 82 -12 -5 -36 -38 -59 24 -11 -12 81 47 -9 -83 10 -11  3 -8 76 93 -60 -66 -96 82 10 -75 -25 60  1 -74 28 -55 -92 -84 40 -28 -72 31 46 17 -82 26 -37 -40 44 24 49 97 -85 -26 39 -95 
 9 43 88 -82 18 -88 79 69 -62  6 -87 -54 -28  3 -31  0 -67 -86 67 -98 41 -70 -38 -16  4 61 -70 19 -65 69 25 -6 -38 -38 12 30 -26 -60 -1 -38 47 12 -41 69 66 28 -81 49 42 86 51 -18 66 63 16 -31 -26 46 39  9 15 -87 -98 27 -25 -36 -44 -1  5 55 61 -99 -83 70 70 83 -3 89 31 -61 75 -68 -29 40 95 88 60 -32 33 -2 27 98 11 -21 24 86 -6 31 -66 99 
-15 45 50 -48 15 19 85 -89 -42 16 -100 83 -2 -28 -28 -58 -41 -69 -39 42 29 38 40 -61 -83 -87 75 -39 44 59 -41 80  4 59 -69 -82 -23 -84 80 -15 -18 31 -33 80 -98 40 72 -89 21 -68 53 -50 71 -58 -61 38 -94 65 99 50 23 -93 29 -74 66 11 95 93 27 25 -22 59 -45 -5 -12 -93 85 -41 -82  6 -8 21  6 -88 14 -5 50 20 -41 -2 -81 33  5 -1  9 -30 -91 -46 -88 -14 
79 -10 95 -67 36 -18 91 20 41 -92 -75 83 -21 31 95 93 -74 -6 -38 -65 92 -18 68 -4 31 -73 16 40 -19 -21 76 -41 19 70 -58 -46 -99 -68 75 42 91 100 -25 -81 -19 -31 63 -43 64 -76 -8  5 -44 -90 52 87 -63 -83 -24 -32 -4 -99 27 -85 21 19 -81 22  1 94 -86 -59 44 -11 -40 -76  8 73 -69 -29 98 -27 27 -97 -17 -22 41 -30 -5 67 38 42 19 -86  7 -61 -17 26 12 34 
-30 26 75 -87 65 86 88 -28 58 -82 -6  5 -9 -80 -41 25 -52 100 45 -7 16 -67 -66 -66 98 41 -76 -19 -83 -14 65 -13 62 40 -50 26 25 88 98 -18 56 -9 38 97 -39 97 -29  9 46 -84 -98 -39 100 87 -54 97 -22 -30 -73 -5 56 93 32 17 32 32 93 -94 19 90 -62 -76 -69 76 -80 -58 22 -8 52 -33 -42  4 29 -43 -10 75 -47 68 95 -19 -88  0 -77 44 67  5 -75 59 -39 44 
-2 -1 68 -21 -75 39 22 47 -70 -77 -86 -12 -23 -7 45 67 -83 48 -15 -89 79 -3 11 -99 92 -73 -44 -84 86 17 11 -67 -84 -72 13 92 67 85 -12 97 58  2 -66 -66 45 29 51 62 -23 -65 23 -95 33 84 58 -26 -90 -87 -10 46 31 51 80 -3 80 -58 -12 46 77 26 -7 34 79 -23 68 23 -94 18 -15 -67  4 -93 89 87 92 46 -40 52 60  0 -2 -10 -49 -23 37 -70 -31 75 26 -55 
 0 -82 79 -22 -4 -4 -99 -48 64 -64 -65 -33 94 -77 -47 85 70 -37 -13 29 64 85 69 65 -89 -45 95 -20 -71 -30 25 29 -11 -47 -93 35 -1 59 37 -38 95 72 -20 88 95 -17 23 14 47 60 93 -40 44 11 -76 55 66 69 85 95 -62 -41 -26 -23 -38 -19 62 61 90 -2 -78 34 -81  2 21 -86 86 94 -22 -18 53 -29 42 -54 82 16 51 48 -66 35 42 -78 44 -85  0 -95 -54 -89 66 86 
10 89 19 -21 -60 91 -7 76 84 72 -43 -13 93 49 -17 74 -36 -66 21 -52 19 -87 -29 -37 79 71 -32 76 32 -66 61 92 73 -20 -29 63 -30 14 39 -97 -65 96 -60 -73 -5 24 -99  9 58 -28 58 -24 -15 -72 -11 -86 49 58 90 -20 42  0 -28 -36 80 -7 -74 100 -94 65 54 -58 11 94 -31 56 17 -80 -36 -76 -7 -79 -49 28 -51 40 42 48 -53 -19 -72 39 82 -50 -98 11 43 80 -39 -1 
-6 -86 41 -96 -93 61 60 -25 31 75 -51 -77 96  0  2 96 91 94 43 88 -75 21 -23 -94 71 -71 -33 -37 -92 28 13  3 -8 -47 -43  0 64 68 25 -5 42 74 -32 37 -76 20 32 65 14 -75 52 39 46 79 -5 -33 -92 12 -20 -84 -60 93 19 32 97 27 82 60 -6 -44 -96 -65 -70 -77 72 -96 43 -46 69 -94 -71 -30 45 75 -51 90 92 -93  2 -28 -77 42 -36 -7 -77 -40 -81 56 71 13 
62 25 -2 42 48 -81 46 -59 -27 -36 -53  2 -15 93 -73 -16 82 -82 -9 -67 -10 14 25  5 57 49 65 76 -46 -15 -62 -85 -90 36 58  8 56 -47 49 79 18 97 -69 53 39 -92 -64 -30 -74 27  4 -33 91 -72 72 48 27 -14 -27 81 22 12 47 32 98 -46 90  3  7 39 -68 75 35 -87 27 -27 -79 63 43 98 -61 -54 -36 -70 -25 86 78 -99 -78 -100 33 44 -38 -71 -75 -40 -17 -86 13 40 
53 -5 15 -63  8 -59 -40 -21 55 -97 -23 94 100 -9 74 -76 -73  1 77 -51  2 -41 43 64 -12 68 74 21 32 -63 -40 -65 32 75 -28 91 67 33 -31 -29 -14 46 -36 -65 88 89 -90 -86 -11 87 -37 41 96 -95  5 -17 23 -72 -97 -46 -35 -87 -61 98 89 12 88 55 95 -94 76 -20 53 90 -35 40 78 -25  4 -33 -89 67 58 -94 22 -38 -61 95 -59 93 99  6 -94 -62 -47 45 50 91 -1 -6 
98 -76 24  0 -87 89 90 92 -36 -7 -92 -75 -91 66 -68 -19 79 -79 -25 -81 -86 -77 -25 71 -39 29 15 61 -31 64 -46 -84 88 78 -34 -100 17 -45 92 31 -2 50 56  7 16 38 38 -6 60 63 -37 24 87 38 -6 98 -84 59 59 -14 22 63 -48 -41 -9 19 -41 -93 74 -99 38 -78 51 -57 -21 -34 82 -83 10 -9 80 73 65 16 11 -92 14 27 67 -28 63 -62 85 -85 -3 -25 34 56 -68  7 
57 20 29  8 64 59 24 -5 76 -66 36  5 57  0 -79 -33  8 35 45 -76 57  7 -38 -9 22 59 67 -45 -36 49 13 72 -31 92 -71 -68 50 53 -23 -25 37 -88 81 -6 -38 52 11 20 -14 -45 44 93 63 56 -67 -66 -36 100 -60 28 -1 53 -51 68 -6 -22 50 95 82 -74 -31 -32 89 -51 62 -50 -100 -77 70 -64 -72 13 79 41 -82 -88 76 -18 62 -85 60 -40 18 -91 78 62 -13 27 56 -82 
53 -75 -13 -9 -76 99 41 76 -79 10 62 -50 73 41 91 41  3 16 -78 -86 31 83 -75 99 92 -98 61 -72 30 -34 -53 -68 -9 34 24 -34 32 -36 -59  4 25 -98 54 -53 -7 -6 89 46 -90 61 61 -9 43 86 -10 -16 88 -100 13 -33 -34 60  0  8 -57 -77 24 25 -63 15 -72 62 -33 32 60 61 -74 -2 -44 87 -42 -84 -23 -99 52 17 -15 40 17 48 -94 34 -43 -44 92  0 -21 -35 -75 17 
80 -47 -72 -54 36 88 57 62 -15 -87 48 44 80 75 -5 32 -8 30 -79 59 -22 78 -58 35 -66 -67 -65 13 -52 -90 80 -73 -87 -92 -76 49 96 81 -40 -19 44 58 75 24 33 -31 -95 -76 99 -74 33 -74 54 76 62 88 59 47 -49 -93  7 -70 -66 20 -62 -42 -81 -66 90 -21 -35 -17 88 90 57 20 -42 62 -6 -94 38 -74 -67 -8 -99 45 -71 61 -9 -20 68 98 -39 52 -33 -1 61 -14 -17  0 
16 48 83  3 37 40 -78 45 -49 -34 52 40 -8 35 82 -6 -21 -90 -96 20 -59 72 -33  2 -27 34 51 -67 71 -66 33 -14 82 -34 39 -31 -95 11 64 -94 77 15 46 -32 100 27 12 -72 -12 16 48 -21 -13 -86 81 61 -1 31 44 -31 15 -73 55 -3 -7 -57 16 -2 54 -21 -46 30 45 -100 48 -6 -23 -40 23 15 76 -30 94 -87 -65 24 24 34 -95 -33 -98 20 -6  7 67 87 50 -18 -66 -47 
12 -11 83 -94 -61 -20  0 -34 40 -78 82 16 -57 25 29 -22 -51 -98 62 -96 -31 14 24 14 71 -9 -50 20 23 -15 23 -66 24 -45 -60 13 35 41 79 -25 13 10 41 56 86 -31 84 -66 -29 45 -62 -10 -92 12 54 79 -98 -96 -52 -24 -11 71 10 63 -75  1 -75 61 92 54 86  4 -36 26 -90 -51 45 44 -67 66 -11 -79 -95 -53 33 60 -74 -14 64 -26 62 -98 -55 -79 15 -80 22 40 31 -37 
-7 16 18  7 92 28  6 36 -29 39 -49 10 10 -43 58 94 -84 34 -21 30 -93 91 32 -98 -89 -54 -77 -16 36  4 47 -72 71 -86 36 62 -8 92 -52 14 -19 -1 -77 91 56 31 84 22 -36 -88 -49 -78 -98 33 -76 -86 29 98 -2 -36 -48 95 -7 -78 60 79 84 -49 70 -69 65 -50 -19 39 92 87 -31 75  9 -16 38 10 -44 40 94 -70 54 22 79 -99 87 -70 47 -71 -48  6 58 -65 57 -23 
-83 22 -22 -2 -90 -31 -16 -21 94 43 13 -19 -47 19 -79 97 50 25 18 28 27 -46 58 -77 -67 -91 29 41 95 -65 -82 -89  7 -54 -41 17 -35 44 47 -92 -14 -91 -10 -11 29 11 -15 -72 86 54  6 12 -93 -37 -15 92 -78 64 32 67 100  0 29 -44 46 88 24 61 31 -30 20 68 -71 -91 -44 58 -30 -8 36 -45 -55 -59 18 -48  4 -98 -57 -24 17 26 94 -34 -75 22 22 22  9 -55 -68 91 
-35 52 58 -5 61 -87 -98 81  5 39 -64  0 80  4  3 -66 -44 -4 -40 73 -79 -47 -62 98 75 11 19 -66 56  1 -76 72 -47 82 -84 64 45 -82 45 -100 57 31  0 -13 -66 -98 21 -60 -1 31 -87 20 85 -99 17  9 12 86 43 -82 -13 67 90 40 48 -95 -47 -7 74 98 -7 31 28 43 68 12 46 -62 53 -56 69 16 14 53 17 82 -38 -71 17 -96 98 -97 72 87 -7 -31 42 47 62 15 
-6 -96 96 73 48 63 -16 -57 -100 87 -63 70 -48 51 -28 70 -18 34 49 100 -11 46 -98 -90 -18 -54 -21 -77 43 92 -12 -64 46 -16 59 -57 97 94 -14 98 30 23 17 83 -76 89  2  6 -27 -100  5 12 46 -42 22 78  4 51 51 97 -8 -62 83 -62 -28 42 -19 -31 -15 18 -34 -86 -60 33 97 -36 21 -2 71 44 -2 -75 -45 94 -17 27 21 37 -22 -29 33 20 -40 -34 58 32 58 90 -100 -58 
 7 -84 -44 -3 49 -47 12 -80  1 -68 64 50 -43 70 -7 41 -4 -86 -23 24 -65 61 -56 -5 77 52 -73 34 41 -73 76 98 95 82 -55 43 85 57 63 -14 39 -23 86 96 -54 -72 -14 -8 -58 14 -84 -22 -76 -40 23 -100 -89 50 34  3 28 -41  0 22 -60 -5 -86 -75 -49 78 -39 40 -96 -54 36 -50 -26 72 42 -33 -15  8 -5  9 68 -83 -41 30 18 43 -68 96 -99 -18 -33 93 78 -19 -83 79 
-92 -72 19 -88 -76 -96 -88 -2 26  5 15 -89 -88 60 -30 31 28 -20 -40 -55 -78 -58 91 -76 -26 -43 -84 -49 38 84 81 47 -89 -51 59 -65 -97 22 -17 29 -74 49 40 -62  8 61 69 -65 -60 79 -70 -38 -80 -80 -64 -5 -23 -98 -4 66 86 -74 12 47 -25 -80 32 -22 42 66 58 68 14 -3 57 72 -93 25 58 98  4 88 -90 24 59 -54 69 86 -51 -85  1 85 -59 -88 32 -33 84 -87 -5 -25 
79 -48 94 -8  0 50 -86  7 -26 72 -45 28  9 -35 -98 -83 11 21 -97 10 36  4 -5 28 -33 77 95 -100 90 -61 -75 69 -8 -82 -90 92 68 -76 -52 93 96  3 -30 -45 18 -28 -28 -71 94 -25 -11 -21 30 84 -94 47 60 51 47  0 91 72 -32 -18 41 -72 -77 -42 -47 -79 -100 99 25 -29 -47 93 -7 26 -79 -64 51 11 16 -70 -56 -28 77 55 74 -27 -46 64 96 -28 96 36 -50 69 94  3 
90 45 -48 -36 -85  5 -43 -42 81 -72 -5 32 -11 61 62 34 83 -11 -62 56 62 -58 -31 57 14 -36 -58 64 83 87 -83 73 31 -31 -64 -4 24 -7 54 -45 22 99 37 61  9 -52 -56 -8 37 -18 98 -51 24 -33 -95 88 -19 99  2 -36 35 -31 -64 -35 -12 -78 11 -89 -34 -86 -84 38 -87 53 -2 22 -99 43 64 38 -76 62 87 -1 79 43 -14 -91 -9 88 -77 -75 -94 -91 -60 -6 -68 51  6 -2 
65 -28 -65 28 -75 33 -50 -74 -75 64 14 -50 -25 -49 -1 -97 44 85 -87 85 23 -64 -91 29 -54 -51 -77 -72 50 -21 26 14 51 11 -58 26 94 -58  2 -81 56 -84 -81 -69 -83 -32 -66 61 -48 98 -5 25 -66  4 -96 -70  3 78 -92 -48 -44 34 66 57 95 58 -17 38 100 35  7  6 51 26 37 18 94 71 -72 97 19 23 -29 53 -74 -25 33 -21 -48 41 31 -42 -76 -53 -85 69 -96 -52  6 55 
83 -87 -40 -16 -11 97 52 -67 17 81 -71 86 -47  0 -12 -70 26 -80  9 78 11 -60 -64 -15 -13 -99 -47 -59 100 60 96 32 73 -95 66 -39 52 18 -6 -31 -52 -27 -96  1 24 -7 31 -51 13 -60 77 75 -70 63 -41 17 64 13 58 63 -28  4 -55 95  9 -90 -95 -39 28 -50 -20 26 -27 -16 -73 97 77 58 96 -10 48 23 -86 78 -15 -27 -56 -51 86 -98 62 -93  6 57 52 65 68 58 -75 -55 
58  5 72 -70 90 99 78 66  6 73 -95 -96 -5 -81 82 31 -7 77 30 -72 29 -59 -64 85 99 88 49 66 -5 75 -90 -48 -21 32 -17 -82 30 -40 85 87 83 90 91 -72 60 22 59 -98 -2 -12 -70 -74 29 -34 -90 -23 -96 10 -58 -1 -16 -97  2 63 35 35 82 -85 95 16 -99 27 -45 42  5 -86 -37 -37 -84 12  1 98 -12 81 -87 -51 -43 -83 59 -50 -33 -58 -47 19 55 38 -47 -14 53 98 
52  4 24 -93 -55 -71 72 -41 -58 39 71 -6 36 -92 -76 49 -43 -69 17 66 -19 34 58 -16 -48 13 73  5 49 25  2  1 -71 76  8 -76 55 -71 -17 48 68 -97 -59 -47 -88 -35 -98 -81 -54 -31 86 28 -98 43 62 -46 -95 34 59 55 -41 -90 -95 -62 86 -37 -88 -9 -8 -4 -62 -90 -51 -71 -37 -39 -56 -35 -69 -10 -16 67 -83 -14 -41 30 40 -35 -37 -52 70 -28 -42 25 -40 95 88 -27 -15 -21 
19 -27 -11 68  2  3 -71 46 18 -90 -65 -98 77 -97 -12 -65 33 -72 -50 46 -24 70 -82 -15 -6 -72 -71 -19  1 -36 11 -81 37 100 88 -62 -48 67 34 71 27 69 73  3 22 -40 -12 -46 -62 39 51 -35  8 69 50 53 97 29 -67 -52 93 44 -83 29 -6 55 17 46 21 -100 16 -53 69 -62  0 -59 -1 89 -55 -13 -23 96 52 35 14 -49 -13 11 80 -29  9 72 -86 26 -50 -42 -19 17 55 52 
17 -30 50 -64  9 -51 -73 58 88 -28 -56 -86 -32 97 50 82 98 87 -58 78 -43 51 -1 -78 -73  0 -20 -42 67 -66 -91 -66 -45 59 -30 14 59 -53 -79 -4 19 -35 11 87 -89 -90 19 -91 97 61 37 -46 -38 -65 -24 -61 -15  6 -3 -48 41 -44 -14 46 -85  6 -41 24 53 -20 -81 -79 -5 -20 -92 -43 -10 -23 -34 -13 -63 53 -9 -51 38 17 -12 -77 -78 35 -75 13 92 -39 -42 57 67 -33 -20 -31 
-3 -51 -10 43 -20 -52 100 70 25 -85 -94 13 68 -3 12  5 -87 51 -22 87 -15  3 -1 -24 64  8 83 -20 25 -88 -1 73 -88 90 15 -8 88 14 -89 13 -21 -82 76 -54 -35 -13  1 -71 -63 30 -85 23 83 -36 49 47 72 32 77 -53 -6 -24 -81  6 -85 34 98 -98 98 -91 -35 -24 78 -60 -28 93 28 23 -79 15 -48 87 88 86 -49 37 -18 73 -82 -42 -81 12 -16 -62 -82 -51 22 66 -98 -31 
25 -33 -5 -48 -42 17 -55 36 -60 -34 -50 -58 -47 -62 -73  4 25  9 -74 -7 18 -54 -96 52 -66 73 -99  7 -11 -97 76 -87 -80 -29 -34 -72 88 11 14 78 27 15 71 30 53 48 84 -73 -93 -90 20 25 -44 -26 -74 -60 98 -73 47 -14 81 23 -51 52 44 -35 80 -19 26 -56 -91 -47 59 80 83 -39 27 67 -12 -16 27 58 59 33 82 86 73 79 -88 20 -86 44 93 -36 -5 -14 29 -76 67 -45 
-32 76 -42 -74  5 91 -13 83  7 25 -34 -67 -68 -75 66 -86 -90 39 93 73 -92 -93 16 51 -79 61 -64  0 86 53  5 -97 29 63 81 84  4 -83 66 -90 43 -68 -56 75 -43 60 39 -83 -52 32 90 -94 -11 -44 57 -40 -84 43 60 52 -4 -35 56 75 78 -14 58 -19  3 24 -58 96  6 -64 21 63 96 -41 80 95 41 19 -100 -71 75  8 -11 92 -50 100 43 -4 -86 -52 -30 92 34 79 -77 -63 
-48 -85 83 58 -49  3 20 97 63 -51 91  3 68 92 -17 -7 -51 22 -16 -1 21 77 96 35 -75 -85 -23  9 44 -50 -4 96 -35 -21 53 -34 82 -78 -38 -6 -29 -47 98 90 95 -20 -18 -57 -99 16 -8 -27 -8 -63 58 -33 -47 85 27 97 -66 -78 93 -51  1 -5 15 -67 18 78 27 89 81 -26 28 75 54 -91 68  6 25 -41 29 68 -3 -14 85  0 -29 11 -54 -45 34 -62  5 85 34 70 68 -49 
47 -5 90 -23 69 18 -49 -27 -23 69 29 53 -72 -43 -30 -25 -7 -46 25 64 66 71 70 -51 60 -26 -67 -57 94 -99 -56 -9 -54 -67 68 65  1 70 88 29 38 16 -19 16 23  1 41 -84 55 -35 30 20 -64 -1 19 96 23 53 -62 17  4 -68 -93 50 -35 25 -36 17 -6 -48 -55 83 18 -24 -52 -59 77 90 -93 -19 -96 37 52 -60 -64 -30 86 59 -78 74 -75 -24 -95 83 -75 -79  8 -60 38 -99 
-8 33 84 -91 -92 83 -100 35 72 -93 -85 76 -5 67 67 31 -63  2 -61 -91 -24 -35 -14 -69 -53 -39 -98  5  1 40  7 43 -78 -60  3 -70 -78  3 15 44 -39 31 20 56 -53 -64 -64 -16 38 -75 -56 64 -60 30 46 -62 41 48 43 -58 -62 100 85 -40 -60 -63 -59 -88 41 56  7 52 -64 77 -43 -16 -88 -57 18  0 -32 62 -36 -41 -59 60 -3 83  7 -61 75 -5 -61  9 56 -71 47 47 92 -63 
 2 -2 39 -11 -26 96 73 -64 89 -10 37 -94 -98 -100 -35 94 10 62 26 -84 52  0 12 41 60 -83 20 -44 64 11 -57 -85 60 82 -46 84 27 -74 -80 15 -33 57 21 -31  7 87 -38 -84 -2 39 -68 100 -62 -6 40 48 -39 -41 54 75 21 97 41 -70 78 95 -87 -46 -79 -67 69 -62 90 -60 -43 -4 77 19 12 -26 -93 -5 -26 97 39 64 44 -100 74 -2 75 -6 -56 -35 24 73 -40 37 -74 -69 
71 96 -31 10 86 26 -94 62 95 -32 86 -98 63 -41 99  2 74 -8 -48 47 40 77 91 85 -58 -36 57  2 51 83 -17 -29 28 52 82 13 -23 38 -26 -29 -95 -40 -77 19 -31 -79 71 -58 14 -78 39 -47 99 -21 -63 91 43 44 -58 -6 27 25 15 -46 -24 -4 18  3 84 92 75 90 -49 48 -42 -29 70 -72 -37 -67 -50 -98 -14 99 -19 -26 90 75 68 82 -82 -6  7 33 -1 33 80 -84 -64 63 
58 61  2 60  8 60 -70 -73 38 -7 -40 88 -55 -3 37 -23 21 -24 -49 -12 -43 -81 33 64 52 -69 -3 -19 98 -17 95  5 -57 -54 -36 51 57 -56 79 -6 -12 89 -68 33 -15 69 60 -95 -56 -90 -6  1 80 -74 -85 -18 -93 -38 63 55 45  7 -91 38  4 -26 -62 -40 -32 -84 54 56 56 36 -11 -60  4 -52 97 48 -91 -10 100 89 -34 65 -80 -77 77 84 28 21 -60 37 -92 44 61 -54 -97 -71 
-87  8 85 69 94 -77 59 -2 -78 55 96 -69 -56 45 70 -40  9 91 -67 -15 24 61 56 14 -52 64 -42 -92 61 -89 -63 74 -31 73 -8 -37 96 -50 61 -83 -95  6 99 100 -49 19 -40 60 -41 -57 96 33 55 51 -54 -98 -35  4 -90 -75 -34 99 99 35 21 -10 98 16 -10  8 -16 -5 -86 -68 -5 -85 51  5 75 60 -2 70 -8 -48 -29 39 -46 36 93 -85 61 -42 64  9 44 -16 49 -9 50 -62 
50 -67 34 14 -84 79 29 17 -67  3 -23 31 -77 19 84 -6 -93 88 -71 -100 53 40 -92 16 -52  2 50 97 94  0 85 43 -17 -32 -94 -1 -54 35 67 -71 88 -57 61 -90 12 -6 -46 20 -69 -67 -30 85 73 -72  0 71 31 -100 17 -26  0  2 67 33 70 73 -68 67  7 99 96 -56 92  6 -45 -47 50 -41 73 82 -7 93 16 -85 -79 66 87  2 66  3 26 -35 -96 -8 99 25 -86 81 -9 -29 
29 -64 15 -30 -7 20 23 -58 80 -54 74 -28 -62 -11 -13 -91 -45 -27 11 -80 27 -64 -64 -19 -22 85 -95 -8 15 -54 63 94 -67 -22 -37 26 98 36 68 27 82 -8 99 -80 81 -64 -71 86 -41 -9 -94 86 27 93 -33 56 27 -78 -53 -59 -81 -90 -66 -48 -62 -53 78 86 83 -5 13 15 87 -39 -15 18 -3 -36  3 57 55 -41 -8 -68 -49  9 88 28 32 85 69  1 45 53 53 83 50 -20 19 -17 
25 -69 98 -38 -58 -18 80 40 -4 -18 -54 -49 42 38 -67 43 -53 -80 -29 29 -96 90 -71  0 -7 32 -18 -58 62 51 -25 -14 32 -78 48 75 -46 27 14 51 60 60 -99  1 -3 -66 -57 -6 -96 -36 -78 59 -46 -49 -42 47 83 -9 39 -6 -59 -86 81 74 -64 -22 -2 -9 56 -89 92 15 21 93 66 68 77 59 -38 31 -77 -66 -61 -23 -14 -52 74 -82 -11 -38 13 30 -74 -57 -47 -87 -29 51 -46 -74 
12 -55 41 83 -63  6  1 64 -35 13 -56 -62 47 -17 15 83 -19 -62 -99 70  0 -36 -50 -23 -43  3 -10 28 -96 44 55 -34 89 -55 -51 76  2 50 39 17 -38 33 55 59 66 -81 42 -53 -43 43 -84  7 57 -34 84 64 20 -77 -9 -26 67 96 40 55 -59 89 30 -7 -12 -82 -91  0 51 64 -41 -33 83 -100 14 90 -7 -20 -4 -51 -3 -70 -88 67 -47 -47 -60 -80 -51 80 25 -60 19 -95 33 -94 
-77 -8  7 25 -45 66 92 -63 66 -45 -74 -42 35 -28 -43 82 -48 -81 48  6 -78 38 -24 -29 18 51 -39 87 56 44 93 30 -65 -51 -46 -10 65 96 -23 -20 -100  3 -12 -15 26 45 -33 78 14 65 -67 37  3 -41 58 71 -90 -81 57 66 13 -1 -55 49 49 -51 89 -37 -56 -34 44 95 19 -69 -20 95 27 47 73 -60 -39 56 77 64 -85 35 -16 -75  4 -60 41 67 -10 87 -35 -62 86 -46  1 -70 
-30 95 75 39 -74 -46 34 53 51 -44 93 -88 -89 20 26 -74 -96 61 -99 -42 -100 43 -76 -10 -21 -10 -22 -36 -6 30 -56 14 24 -81 -48 50 -77 36 -48 75 92 96 37 54 15 -88 30 -31 73 32 -23 24 -76  1 64  3 41 93 17 -66 22 12 48 96 31 51 46  4 -64 48 -22 -72 43 65 32 -93 78 -39 -24  0 93  3 -77 -84 -96 38 -31 -5 30 87 30 -49 -52 -73 -54 29 28 42 -68 65 
-10 -39 43 83 -75 -26 91 53 35 -84 -97 -22 20 77 -56 -26 14 14 69 -57 -50 -52 -56 -2 -74 -9 -74  4 83 -92 -32 -78 -31 61 -95 -55 85 46 98 -30 12 51 48 82 28 92 -45 -59 -45 75 -15  5 73 29 53 99 70 29  3  3 38 21 25 -94 -68 -20 -49 -84 76 100 -14 -12 50 -67 -31 -73 76 -25 -31 81 100  4 -14 72 -68 89 21 53 18 74 -45 -95 -6 80 62 -24 -90 64 -7 86 
13 79 -27 -38 63 -7 -60 -12 18  9 -32 17 -88  4 -62 95 -7 59 47 61 32 -99 16 77 32 -23 -48 42 -60 45 27 53 -26 51 66 -64 94 -95 24 11 14 92 78 -24 -4 -85 -30 39 75 68 -51 -44 19 65 -68 -50 -59 -15 42 -68 80 -81 85 -47 20  0 -61 13  5 63 74 69  5 51 95 51 16 -35 -61 -60 83 -12 -3  1 -98 29  2 94 64 94 -75 44 -88 61 97 -18 -40 87 95 16 
-1 18 -66 -97 -32 -71  4 35 -56 -7 75 -74 31 -29 -23 33 51 79 27 14 73  2 -93 35 -38 -96 -83 -27 41 62 39 -61 -20 73 -57 -2 -99 -3 -68 96 91 -93 -79 21 -72 -51 -96 79 -73 -19 -57 50 83 -50 -15 96 -96 -48 -82 45 -87 57 85 -7 -21 78 42 -69 -26 74 -74 -86 31 99 -14 10 -53 -60 -62 -26 21 -19 75 -47 32 -41 -52 -14 11 -84 -69 -26 23 -85 68 -98 43 -41 -67 67 
83 -91 82 -36 -93 -83 74 -46 -43 62 -21 78 -57 -97 81 25 -38 80 -90 23 96 -59 97 19 -94 14 -29 -1 73  4 -34 56 13 98 70 -29 -86 43 -25 -79  4  4 49 -3  7 29 72 19  8 83 -59 -46 74 -62 73 31 52 94 -71 -25 -53 -5 81 10 -58 50 81 -94 -58 -44 -73 -4 10 26 94 -83 -45 15 36 13 -3 28 67 -79 66 -11 52 -33 -18 31 -8 29 77 -28 -61 -82 -79 70 -75 -87 
76 -98 10 -14 29 -47 -47 34 68 89 -54 -85 16 -87 -64 -69 -48 38 -51 35 -32 41 -87 -56 -87 -98 -87 85 73 89 99 48 91  8 84 -31 11 -64 -98 -22 76 100 -7 -59 63 29 -27 -86 -34 -28 -1 -15 -88 -37 -21 -75 -35 -8 61 88 -20 59 36 -79 -84 -31 -60 27  6 -57 -96 -69 93 -52 -28 55 77 -5 19 94 67 -82 -22 30 -19  7 55 -4 100 15 -16 -71 -77 70 -50 -61 -62 -59 66 -6 
-66 21 25 -74 69 48 31 -5 93 -51 -12 10 -83 16 -61 -52 -77 94 45 73 -41 -72 -99 -68 98 -98 -28 86 94 88 -20 -73  8 55 -47 -74 -48 84 22 -55 -68 60 55 -50 -74 94 -2 100 37 93 22 46 -80 -27 79 68 -25 -100  4 -82 88 34 -55 -54 -12 -2 -28 -9 -19 44 36 -36 -46 -60 -36 -20 -67 12 -71 20  5 51 -34 -25 -77 95 94 -51 95 -53 -33 32 81 13 28 -82 61 51  9 -58 
-6 95 -44 48 -66 -30 78 -83 82 -94 -12 -64  7  4 -38 31 -2 -95 80 -58 -48 97 24 -68  9 -48 -50 -30 -98 10 -38 -4  4 -32 95 -11 38 22  6 -31 29 44 -44 -65 -53 -32 16 45 -27 -55 37 25 -58 -39 57  1 13 57 21 15 -84 33 61 21 51 55 60 -62 -23 -85 -42 56 60 14 41 -94 82 -43  2 -46 -48 -62 29 -56 -1 -15 46 62 92 -84 -24 -92  0 88 -21 -50 -8 89 -11 19 
-97 47 -26 63 -90 66 20 42 73 -79 96 -76 -41 24 -31  9 59 65 -80  0 31 -3 -42 -70 -66 -13 -19 26 -25 20 -55 -21 -84 19 92 -74 -66 11 68 -94 32 13 -69 42 87 -50 -100 -5 -86 -80 45 45 -33 -97 76  1 -60 -94 -73 16 -24 -28 95 -8 41 36 -32 76 -53 86 82 79 -2 63 -30 -66 -88 -30 -21 77 -59 -77 22  8 77 -53 -91 -83 -97 87 33 -21 -42 -23 21 49 -88 89 24 -91 
74 -44 39 -79 -82 -92 -45 82 -71 34 58 -30 57 -71 28 -16 -74 -13  1 -71 -27 84 -42 -19 -90 79 -70 73 17  4 83 -10 60 21 11 29 29 16 10  8 100 -33 78  7 -53 -44 91 -27 43 -9 -47 -84 -76 11 -53 -66 -60 -73 -94 57 32 89 98 -59  9 -42 20 89 75 -71 -4 24 -53 -76 -70 -6 -20 -80 17 -78 -39 70 89 -15 -19 -64 -31 -29 -87 -24 78 45 -86 75 37 -26 84 -94 -38  8 
-64  8 -69 -67 32 -38 -23 -89 -18 94 85 44 64 23 79 95  9 -52 -35 23 -26 -58 -83 -12 68 54 62  1 61 -77 -92 47 32 -61 30 -87 -49 -94 76 34 100 60 -73 13 -68 56  7 42 -97 22 -36 -23 15 -19 16 -68 -65 -23 33 46 -49 41 -58 33 30 72 46 32 28 -29 -85 -23 -70 -58 91 -87 48 -53 55  2 20 -82 29 -66 -1 -56 -34 -16 22 49 80 23 -61 -79 -45 19 43 51 -50 -30 
-78 -35 -2 -98 -43 -12 -85 -95 -15 70  7 -96 38 -65 89 -63 -70 -96 -29 52 53 -49 -76 92 -78 -71 11 16 80 11 36 52 77 -67  5 -67 -29 20 -62 57 -60 -5 11 78 31  0 65 61  4 87 -38 -43 88 -64 99 60 -35 -41 -25 -56 71 -89 47 47 -56 -49 80 16 21 69 -78 61 -37 -17 -11 44 83 -97 -46 -63 90 -34 -56 27  2 -58 -13 17 -48 62 62 -78 73 -42 19 68  9 -52 -67 -71 
67 -45 41 -70 38 80 24 -29 83 29  8 23 95  2 -51 -53 44 36 64 46 -2 -25 68 -80 33 -64 88 92 -15 -80 72 -49 -75 12 -69 14 -9  6 35 -77 -66 -58 46 79 44 96 76 -63 31 40 34 79 65 -49 100 -52 -12 87 90 23 58 61 24 33 -78  6 -54 -37 -89 81 -13 96 73 83 24 -34 78  0 -46 -41 90 88 -63  4 -62 -64 52 26 74 -8 99 31 -48 23 -37 -75 -72 -40 -12 90 
-60 25 85 64  8 -42 -71 -65  8 -67 -6 -3 -80 32 52 -41 18 -47 35 -9 45 34 72 48 -44 -65 73 -66 -55 -90 -77 -65 36 58 99 94 -85 79 -72 24 -89 -27 71 83 55 22 92 -28 26 26 64 -30 -91 35 -83 -85 20 90 -51 15 51 -78 51 -14 80 -1 -71 46 -23 -93 -31 -61 -20 -61 -79 -66 12 -88 -43 -63 38 -80 -43 -2  5 -25 13 76 -86 13 -10 65 35 91 -100 -35 -10 80 -90 67 
88 -21 56 -83 -32 77 -98 30 89 -41 17 -23 -71 75 75 -16 -51 -63 -91 -87 50 -50 29 -65 -60 -21  0 30 -41 10 -53 -54 39 -98 -87 57 80 -85 -13 18 -76 54 45 -47 28 -31 38 27  7 47 -9 -94 47 -81 92 88 -2 -9 -33 57 51 14 53 -61 -33 17 97 97 -18 -67 -36  7 87 -91 60 -35 -22 -53 92 35 45 -18 42 -9 -49 33 -72 50 75 -4 -44 -25 60 60 15 -74 -74 -39 73  8 
-56 -63 -86 81 -54 25 -55 -26 72 88 -91 -34 -81  1  8 -29 84 36 71 58 -69 77 84 42 -14 -2 18 12  9 -9 -80  3 28 -66 -17 24 59 -21 48 -19 -84 57 47 86 -93 -96 -94 92 41 77 -1 22  4 -18 -37 90 30 82  2 89 -78 22 -9  0  6 25 74 -85 54 21 -4 20 -72 93  5 -65 98 12 77 -12 -62 -24 60 42  8 74 -18 -62  5 84 -74 27 -45 -32 -74 11 93 50 26 46 
-30 -79 -85 -52 65 20 -66 12 82 -90 100 -80 -14  9 12 95 -18 94 83 87 27 -92 13 82 -24 -11 -57 -82 -62 69 14 -41 91 29  7  5 100 41 -84 81  2 66 51 38 -26 -37 -18 57 -94 -36 -7 34 -77 57 -35 -51 -55  8 -82 -66 -73 32 -57 68 -39  0 -28 -90 92 -62 91 -7 -97 42 -70 -73 55 13 34 11 27 -73 -56  0 84 -40 50 79 18 68 -88 45 -51 -95 12 10  6 34 20 -3 
72 -39 40 75 53 20 53  7 83 -14 -83 10 13 -88 -91 -54 -78  9 -75 -10 -74 -63 -65 -24 94 -3 36 -1 -69 -94 46 53 -33 -65 28 -81 55 -70 -24 38 16 -57 98 80 -45 57 -75 -73 -34 -50 18 -58 -62  3 18 -69 50 -46 30 81 -40 -75 34 27 -40 -89 -4 -86 92 72  2  7 -86 -1 -14 -80 -94 12 -53 -28 12 15 14 50 -83 83 81 68 -64 -40 -2 -54 -65 82 23 -5 43 -82 -40 34 
40 12 92  4 -89 -23 24 68 39 22 90 -99 -64  3 51 -96 -65 -18 22 -29 -8 70 -33 28 52 90 73 -56 -93 -68 79 47 -5 70 -49 -44 97 25 -77 -14 97 -88 -13 84 -35 -63 88  1 -31 -41 22 62 -72 90 -11 30 79 -39 75 87 -56 53 -17 -11 -28 -16 45 -32 60 68  4 56 80 91 39 -56 79 -24 45 98 -15 -83 59 14 -94 98 -57 85 -91 -83 21 -47 20 55 42 42 89 -64 61 -2 
-97 -36 -46 83 -95 43 77 84 70 -28 81 -46 -11 -10 68 -5 -13 62 -71 -4 29  1 -1 -51 -95 91 91 94 -74  1 -8 -71 66 -4 62 71 -62 39  4 58 61 -66 -88 -51 24 30 -6 62 -9 -27 -43 -80 74 57 -81 79 -3 60 23 24 -39 -86  3 77 -40 -85 47 -52  4 -50 -94 -36 -66 -82 -37 59 48 57 20 90 80 27 60 54 -67 29 -18 31 -12 -96 -96 -1 69 -43 -25 -72 -28 72 -23 26 
72 -67 40 -94 -49 -98 15 49  9 85 -12 -11 11 -53 93 45 76 -26 -75 -86 -21 80 -37 98 -64 -11 -74 -41 -40 -47 35 83 -14 -25 89 -13 -23 -47 86 87 -63 -26 -75 48 -29 -83 -58 98 -9 -83 62 20 97 75 18 84 -37 -6 -58 -26 -3 77 -44 33 -49 95 70 -21 -53 55 -85 -16 79 -60 82 -100 -43 -76 48 -2 92 -41 -82 89 -67 -14 72 -3 30 64 21 77 -10 77  9 -8 71 -72 71 68 
83 86 -49 12 76 83 -38 -68 57 -91 30 49 -32 -2 37 -49 34 -42 48 -37 -79 -82 90 11 95 -2 -98 15 -24 73 -68 -91  8 -17 21 -17 -84 33 -35 73 -8 46 21 60 -57 -43 61 78 15  9 91 -14 -23 81 98 -78 -72 50 -13  5 -27 20 14 81 53 85 -86 69 -33 -21 42 59 -76 -38 -32 -82 -30 -72 46 35 -13 36 -79 65 -34 69 87 -55 18 -27 50 91 93 -87 22 46 48 36 -36 -86 
65 -95 73 40 -82 -60 58 -12 -82 -47 73  6 89 94 -30 -95 62 -94 -50 -20 -21 50 -80 -78 13 42 18 -90 -23 82 -76 93 38 47 32 56 37 -61 94 55 -8 66 -40 -70 60 30 -65 -29 -14 -65  1 66 85 22 38 -53 -87 -45 -43 -59 87 -69 -67 24 78 15 -71 14 54 -78 -31 -55 89 -21 -75 -2 60 -39 19 -55 -54 -80 61 82 -8 -2 -72  5 53 -14 46 -10 17 79 -87 -55 -7 94  9 97 
-85 78 92 54 -93 -83 -49 67 -22 71 62 24 41 23  5 -68 -80 -16 -13 24 20 -67 -87 87 62 77 -69 -95 70 41 -99 36 -32 94 -11 -75 -90 -9 92 -62 -89  4 12 52 -74 68 34 97 -49 -80 20 71 -47 -17 57 66 -90 39 71 80 -21 72 -35 -3 65 55 23 25 96 -36 63 -94 68 -75  8 94 93 -59 91 -57 -89 -40 -87 -85 -6 20 81  4 -42 51 -67 -13 -28 -1 35 88 -97 -93 12 99 
-29 -75 -96 -61 -50 -38 83 -58 -47 23 -15 -36 34 -52 -21 -73 18 -91 31 27 10 14 64 83 -88 -2 70 66  5 -19 64 27  6 18 16  6 80 -2 48 -68 72 83 -53  5 81 -24 -18 -1 -14 63 -75 96 -24 89 78 -61 -63 47 55 -8 79 19 -82 -66 87 34 41 67 83 -62 49 54 -79 96 -92 -99 -28 -60 -50  8 -98 -25  3 -72 -86 -69 -83 -99 28 73 -7  6 -59 12 41 -73 -55 -69 94 78 
-31 -7 31 -60 -12 -11 93 10 29 93 -83 -19 -82 -29 -40 -68  2 -73 84 -71 100 -24 -14 -60 88 -74 -82 84 -93 62 61 -74 -46 -58 -83 -7 -19 -91 -98 61 52 71 -59 70 -59 -49 -99 -7 -21 85 22 -72 -89 -93 -81 49 84 -63 -18 41 99 -57 68 -97 -65 35 -4 16 -6 -52 -24 -55 -82 -32 -85 -91 -31 -84  2 48 52 75 77 13 32 96 -39 -34 83 44 -94 81 37 24 34 22 -42 -71 88 52 
-22 -86 98 -4 -18 -88 -44 51 79 58 -51 -20 -18 76 93 -86 21 -96 -20  3 48 -64 -67 -66 61 68 56 69 97 43 21 -76 57 -32 -29 89 -70 27 -10 -92 -16 39 -61 67 14 82 31 85 86 61 -13 -17 97 -30 -33  7 -63 -78 -24 85 16 47 -92 -28 65 -21 -89 95 56  1 53 -60 90 92 57 -47 24 -63 -63 -41 98 -26 43 44 44 -91 -49 32 83 -23 -34 -2 74 -26 20 38  4 -19 32 -41 
82 -16 -51 21 -74 56 74 50 93 61 -92 90 -66  1 -16 79 -39 35 -40 -57 62 26 -9 35 50 -90 -28 -97 -8 -97 -37 -77 -63 -38 45 -37 -82 -32 63 61 -71 22  1 -87 -78 85 92 -67 -31 -99 -24 -70 27 17 65 -23 -22 87 -20 20 90 -7 43 77  6 -63 91 -26  6 53 -66 -15 -76 -15 -2 98 -31 -60 -70 38 -59 -43 18 19 74 -68 96 -49 -82 -75 71 58 -31 -36 35 75  1 -25 99 57 
78 -68 92 -98 18 -60 50 37 -20 80 -75 -29 87 43 90 11 26 35 62 44 11 -17 -48 80 -3 37  4 48 -89  2 -45 89 -16 -54 41 52 -14 -10 -61 16 -80 -36 88 -94 57 27 -33 -18 -38 -71 77 73 -38 79  2  9 15 56 -44 26 -43 11 -36 -9  8 56 94 44 -55 -68 -40 -85 -4 98 73 -98 -26 -61 -65 36 -82 -89 -42 -70 90 10 39 -46 -35 96 30 -28 -44 44 14 64 -1  7  8 -5 
39 18 10 85 -35 -18 87 39 -28 -79 -75 -10 83 -67 21 22 44 -41 76 59 -46  5 82 -39 100 -5 -76 -2 -99 -18 93 -10 100 -47 -26 -36 35 -90 54 57 -68 79 -53 65 -89 68 -13  5 77 -88 -86 82 -32 96 -58 -33 -10 -34 15 -59 49  8 31 -2 61 55 13 -55 65 -34 -98 47 -56 100 -38 -95 67 49 -39 43 11 -25 24 29 -30 16 46 10 83 -39  1 -19 69 82 79 -21 36 -9 -26 -50 
 7 -74 98  1 -75 -41  7 42 58 68 -15 -82 93 59 48 -38 -25 -7 22 -93  4 -78 -12 -28 -97 -84  1 -11 -42 26 39 65 52 -14 -34 78 45 23 19 -48 -60 54 -79 -68 -37 19 -56 -12 62 66 -55 -34 88 33 -12 41 -1 90 -71 57 -35 18 -28 -84 -96 -12 44 -1 61 -87 52 -100 17 23 83 80 -59 -74 -83 -98 92 -38 -32 29 45 57 -81 -56 -4 -52 51 61 16 73 27 20 -90 -29 -81 71 
-16 21 71 51 -57  3 31 -66 29 -2 -64 20 61 -45 99 -45 62 -83 -1 -43 -85 -100 68 32 23 -56 -99 34 15 -80  4 49 -9 -75 -50 34 28 31 68 -43 -72 55 27 39 -91 -24 95 71 -57 -57 78 -91 -57 -5 41 67 39 -8  0 -96 13 54  3 54 29 53 -12 -43 -17 -95 -36 -38 10 41 -100 -31 -84 95 90 -40 -62 67 -31 -69 -89 60 48  1 -49 98 -45 14 52 58 -32 -20 -39  6 -13 -6 
-39 51 56 22 -58 57 91 -42  1 81 -32 -11 -3 37 21  9 -54 -82 -91 -2 -84 -86 62 18 72 80 98 83 -15 -65 -23 -3 36 83 -82 78 39 -92 -64 91 39 -46 -21 -64 92 50 -5 88 69 -46 -65 35 -32 98 -48 -61 77 100 73 -88 -66 -51  9 21 -69 -23 -2 21 -15 -16 -39 75 39 -10 -90 -20 -60  5 -33 59 59  3 -7 -74 -50 -5 -85 -74 -6 88 89 -21 87 -3 100 69 74 -53 -61 -91 
32  0 84 -80 90 44  0 80 -52 17 -12 57 -81 31 83 -31 -75 48 -54 -30 36 -66 49 -28 -18 -2 -60 -45 45 -21 -86 -74 79 48 -54 19 -9 -4 -2 -11 -87 37 -55 83 -33 78 -48 -7 26 -2 63 -89 -18 -39 -17 64 59 -26 70 -47 53 84 -20 -18 32 -24 -100 73 23 -52 -38 -14 85 -43 -32 -48 -65 -30 -5 11 68 -93 22 -100 -32 55 64 77 -72 33 -71 32 17 -41 -87 99 -14 64 21 59 
-89 83 -56 47 91 12 49 -75 83 -57 36  0 -50 -93  0 -32 62 -36 -56 41 47 -77 -28 -87 -67 -65 -89 19 99 -17 -73 60 -85 -29 -44 -95 83 -96 -70 15 98 16 -85 98 23 -35 -35 -65 -21 -41 26 -74 -67 48 -61 -34 83 -99 35 31 -66 62 -60 -51 83 -3 -45 65  1 -65 -70 -1 52 96 -4 -76 -40 12 -41 -10 21 85 -34 54 32 -45 70 -36 -94 -46 45 -60 66 86 -10 48 -18 -5 -37 33 
30 -7 -69 -69 -12 -22 -44 -2 40 -35 88 -40 -100 -97 65 -18 -41 34 47 -85 89 -9 -44 54 -24 -4 -48  8 91 15 -59 -30 -93 -78  2 -5 -50  8 43 90 73 -19 -50 73 -16 -86 -45 -7 -2 52  9 -64 93 15 41 -31 -90 93 27 51  7 18 71 14 41 -28 59 91 30 -49 31  3 32 31 -25 -84 -5 -20 -41 93 -69 68 -71 -76 -18 20 -57 -58 12 20 43 69 -62 14 -68 79 36 91 19 -34 
92 -51 69 24 30 94 -10 -76 -76 49 68 -45 -33 47 -71 -1 -34 -78 42 78 43 -16 46 31 48 78 -41 -16 18 78 50  9 78 -32 83  7 -89 -28 -18 -65 -79 -51 -59 -12 96 -80 87 -39 -57 -22 89 36 13 -16 -84 -40 -39 -25 -6 29 -48 94 88 80 -39 71 -63 -77 -58 19 -42 -87 68 -1 -49 13 20 89 74 13 -34 62 99 29 96 -86 40 -44 -11 84 35 -9 78 22 -29 89 -58  8 -89 -65 
77 -30 -52 -6 19 -50 -94 89 -62 80  1 -46 -9 -51 84 -14 -37 -27 -8  2 -44 77 44 -67 -52 -86 73 -9 -28 84 -24 99 -97 24 -8 -27 74 -2 -39 62 -73 13 -84 18 12 50 54 26 -78 96 -73 -22 72 71 -38 -81 35 85 -40 57 18 36 55 22 -90 -54 45 84 44 56 -4 21 -32 12 -62 31 -39 42 -44 -17 37 -17 11 -42 -96 23 -22 -11  7 -12 -54 -75 -76 -100 -3 -66 98 92 68 -9 
47 -37 -88 66 25 -100 -4 86 43 52 -82 -71 85 -20 -12 89 -98 16 -22 -40 -97 -26 -65 78 -26 -18 62 -79 -27 30 13 -81 43 -25 35 -32 -25 -70 -97 68 82 -78 48 67  2 86  5 -46  1 33 -36 -46 -94 -1 83 -69 81 44 -48 -47 -77 15 -77 17 90 58 35 -85 39 38 83 20 10 -20 -64 62 -35 -8 -84 16 -76 -70 21 82 30  3 -88 10 97 -86 14 71 30 -13 -13 -31 95 72 -16 33 
 9 -83 -97 70 -3 90 31 13 -19 -3 79 -44 28 -1 88 -93 52 50 17 -1 64 81 -31 -57 -83  6 13 63 -23 47 -5 36 14 -52  5 -89 -62 87 -26 -31 -67 -48 -25 61  2 -38 68 -97 62 -65  2 26 66 21 19 34 77 82 -4 -47 29 91 40 -58 -61 95 -97 -73 81 -73 -54 65 -20 22 25 32 34 -57 35 -4 -72 88 72 94  8 -10 27 -15 -28 -78 -12 51 64 -73 93 53 73 47 80  3 
74 -75 -33 -97 -3 43 35 82 86 -30 -23 -87 -43 99 57 15 -62 -66 100 -40 -44 -62 -90 70 -85 54 22 88  0 -49 -9 -77 -73  8 -73 -26 -50 62 -45 86 82 -18 49 89 -20  6 -46 -31 40 -47 29 46 -59 -10 -34 -43 -57 88 -56 -7 90 -15 -34 67 44 -7 -60 94 -95 -4 80 37 28 28 26 -92 84 30 -73 -27 83 56 70 -76 96 -65 -69 89 73 -75 -69 12 11 -2 -22 -96 91 19 98 46 
65 27 -17 -8 -95 59 -50 39 -12 -23 -88 -80 84 82 95 79 67 -75 18 39 -49 49 -99 12 -54 -21 16 88 48 -37 33 12 91 -85 55 46 24 -96 -16 -89 -68 -4 -68 -85 -73 -74 44 44 -48 -39 -67 -47 -90 -66 65 -94 13 -70 94 -39 -7 -23 23 -67 -8 -23 79 -84 -68 -87 78 -36 -41 -91 -71 -63 87 23 81 89 35 -87 -59 -5 98 56  1 11 36 -55 22 -72 22 95 -88 64 -28 41 30 -46 
54  8 -32 64 -33 -3 -100 -47 70 31 -59  4 45 -68 99 42 38 -50 -98 -27 -5 -26 -48 -84 -31 -36 80 -9 55 10 45  9 68 63 -78 -66 -41 -78 -12 79 53 -21 -17 -53 12 -69 40 100 -19 42 -27 76 -84 25 42 -65 39 -28 -24 -7 82 -80 52 -1 83 74 33 92 96 71 70 -1 -50 -98 46 12 -66 -15 11 15 78 84 -59 44 -42 83 79 97 -46 -46 -60 86 -76 92 -16 57 66 68 -2 11 
38 -83 -91 88 71  6 -1 -96 41 61 -31 18 44 10 -89 53 -7 90 -1 -3 94 39 -17 68 -19 17 -26 97 -16 72  7 -78 40 -33 60 10 23 -91 -36 -37 70 33 32 -37 94 43 66 -64 -17 -35 33 -74 54 66 95 -66 -67 -82 81 17 41 -12 -11 -20  5 100 40 -73 -92 -97 -60 28 -14 72 91 -21 -35 57 15 48 72 99 74 25 64 18 10 97 37 -10 -36 -23 28 53  7 83  2 -54 60 10 
100 -100 88 -15 22 79 65 87 -15 -71 -16 -94 -73 -92 -19 92 26 41 38 -38 82 -99 -11  9  5 96 -8 -94 92 -49 17 91 -99 -46 -24 -26 -68 91 -40 -33 -81 -5 -77 -53  3  5 89 -72 -55 26 -59 -74 28 -20 -14 -68 -24 28 -62 -83 29  5 -92 31 60 -66 -96 42 -76 -86 60 94  9 83 -60 -89 -63 -72 91 -67  5 82 -91 -68 -39 -5 -86 -13 73 -98  5  2 -42 13 83 -83 -3 87  9 21 
51 -82 14 -40 52  5 -79 89 -17 62 72 88 43 82 70 -96 -74 84 -9 50 87 46 -49 -56 -42 -67 -89  5 70 -30 -75 20 -11 -10 30 -60 95 52 79 -23 -37 51 -85 -94 -18 85 61 -42 69 -49 -93  5 48 -42 49 56 -59 10 -39 -90 80 -14 -19 -32 76 -90 -42 20 12 88 48 76 38 63 82 70 47 42 -73 -35 43 86 70 -10 94 -32 -54 -65 78  7 96 58 43 -24 76 -31 -63 -66 39 49 
-79 -14 24  9 99 -45 -72 -4 47 -95 61 -60 91 -19 -20 85 49 26 70 27 83 65 -66 -24 92 -91 45 -72 94 -67 77 65 20 -49 -77 -32 -44 -49 64 -97 -43 -25 -57 -53 56 23 82  4 100  1 81 32 -34 -86 58 -93 75  2 86 68 -14 12 -17 -95 63  6 -27 -81 58 88 73 -86 -38 66 -89 -83 -12 44 -29 -63 -56 -48 20 -40 -34 -23 -33 91 30 -48 59 -85 65 -59 71 -23 47 94 -54 -46 
81 -82 -82 -58 84 -70 -91 -78 24 -19 -91 68 33 29 -72 49 -94 -55 40 -14 -52 -52  1 -88 -61 -29 -61 36 -36 -14 91 -55 -46 -92 -63 -62 89 -53 -90 12 28 -81 -70 -90 -1 -92  9  5 -47 -52 91  1 -54 -59 -37 -15 12 -47 -79 26 39 62 21 93 70 59 81  9 56 91 71 -67 61 -100 94 -41 -92  2 14 -88 51 -46 13 97 -5 27 -68 57 80 -47 -18 -32 65 -97 -40 34 12 92 93 -83 
82 64 -50 -8 64 -57 51 23 45 -36 35 -55 18 98 93 63 24 -76 19 -47 -73 52 21 92  5 32 -25 -84 -27 -32 84 -96 -69 -67 -3 45 -74 -53 -33 21 -38 -99 67 30 100  9 -7 -27 -17 62 -23 10 13 48 -49 68 -71 26 84  2 44 67  7 25 50 -97 -30 26 -100 37 -53 -88 -11 64 43 -62 -28 86 -39 55 -3 -12 -86 61 -64 -35 28 -85 41 -38 18 -15 -72 75 -91 29 28 -21 -46 -22 
67  1 -9 -95 -86 84 -57 -14 19 -46 -60 -85 43 -96 76 29 -31  4 44 -90 66 -89 -55 44 36 -46 -78 -37 -16 -23 -8 -100 28 33 -95 43 16 -52 79 -66 -48 70 100 95 74 26 23 -57 80 -33 -97 -5 -72 -52 89 65 -48 -89 78 36 -62 -31 36 66 -99 -9 -42 -33 39 88 -49 92 57 -49 36 30 27 -41 23  6 -24 26 -100  4 24 89 -82 77 100 97 -38 88 -85 49  4 -83 -61 62 -66 29 
49 -14 20 -45 -13 -95 36 -87 -36 -42 19 -10 35 19 95 -42 -43 63 85 -93 59 -53 95 75 96 -2 42 -66 -90 76 63  9 -39 -68 15 48 89 -50 61 -48  8 -71 -7 -58 -2 -63 -49 56 100 86 13 59 83  7 -17 28 56 -76 63 16 100 -25 75 -89 -42 -11  9 -54 39 -80 -52 98 -51 41 90 -2 78 -60 -47 28 77 16 -14 59 73 19 -13 28 43 100 94 -8 -76 69 -47 -68 -93 63 -72 47 
